Date,Open,High,Low,Close,Adj Close,Volume
2012-02-06,31.108334,31.433332,30.558332,31.141666,29.934631,3952680
2012-02-07,31.125,31.191668,30.408333,30.616667,29.429979,3791280
2012-02-08,30.683332,30.950001,30.041668,30.200001,29.029461,5662800
2012-02-09,30.4,31.166668,30.15,31.075001,29.870546,5969160
2012-02-10,30.508333,30.85,29.891666,30.025,28.861244,5196600
2012-02-13,30.308332,30.375,29.583332,29.866667,28.709053,3253440
2012-02-14,29.733334,29.924999,29.383333,29.866667,28.709053,3978840
2012-02-15,30.116667,30.9,29.816668,30.725,29.534115,5861040
2012-02-16,30.783333,31.233334,30.358334,31.183332,29.97468,4247040
2012-02-17,31.391666,31.458332,30.683332,31.049999,29.846518,3337440
2012-02-21,31.258333,31.633333,30.983334,31.158333,29.950647,3515040
2012-02-22,31.016666,31.416668,29.691668,29.808332,28.652975,6085200
2012-02-23,29.758333,29.808332,29.25,29.475,28.332567,4894920
2012-02-24,29.583332,30.341667,29.158333,30.275,29.101559,4045680
2012-02-27,30.066668,30.424999,29.791668,30.266666,29.093548,3593760
2012-02-28,30.316668,30.591667,30.008333,30.25,29.077522,2694120
2012-02-29,30.133333,30.625,29.591667,29.85,28.693029,5584080
2012-03-01,29.950001,30.091667,29.191668,29.383333,28.24445,4771440
2012-03-02,29.35,29.366667,28.241667,28.275,27.179071,4989960
2012-03-05,28.716667,28.716667,27.208332,27.791668,26.714476,6888360
2012-03-06,26.183332,27.591667,24.875,27.416668,26.354012,10967040
2012-03-07,27.641666,27.725,27.200001,27.458332,26.394058,3639600
2012-03-08,27.725,27.808332,27.049999,27.416668,26.354012,4039560
2012-03-09,27.583332,28.316668,27.333332,27.808332,26.730494,2805120
2012-03-12,27.733334,27.991667,26.866667,27.016666,25.969513,3020760
2012-03-13,27.358334,27.633333,26.941668,27.200001,26.145742,6753840
2012-03-14,27.325001,27.366667,26.358334,26.433332,25.408791,5506200
2012-03-15,26.666668,27.341667,26.166668,26.983334,25.937471,6049440
2012-03-16,27.174999,28.591667,27.091667,28.375,27.275198,8269560
2012-03-19,28.266666,29.625,28.241667,29.091667,27.964087,6774480
2012-03-20,28.633333,28.858334,28.108334,28.791668,27.675716,5471520
2012-03-21,28.791668,29.158333,28.5,28.733334,27.619642,3891600
2012-03-22,28.216667,28.299999,26.975,27.450001,26.386047,11423280
2012-03-23,27.325001,28.408333,27.258333,28.133333,27.0429,6002880
2012-03-26,28.491667,28.5,27.758333,28.116667,27.026878,3935880
2012-03-27,28.166668,28.541668,27.991667,28.325001,27.227139,4643880
2012-03-28,28.108334,28.333332,27.141666,27.775,26.698452,6377760
2012-03-29,27.424999,28.333332,27.216667,28.216667,27.122997,5332080
2012-03-30,28.516666,28.633333,27.966667,28.416668,27.315252,6684360
2012-04-02,28.333332,29.241667,28.275,29.049999,27.924036,5372640
2012-04-03,29.041668,29.041668,28.174999,28.375,27.275198,3519480
2012-04-04,28.016666,28.375,27.833332,28.299999,27.203104,4170960
2012-04-05,28.166668,28.775,28.041668,28.166668,27.074945,4721760
2012-04-09,27.566668,28.158333,27.525,28.083332,26.994833,4976760
2012-04-10,28.108334,28.35,27.549999,28.091667,27.002848,6953160
2012-04-11,28.491667,28.625,28.008333,28.116667,27.026878,6491760
2012-04-12,28.225,29.325001,28.166668,28.958332,27.835922,6041160
2012-04-13,28.183332,28.525,27.908333,28.083332,26.994833,8479080
2012-04-16,28.333332,28.5,27.883333,28.341667,27.24316,7127640
2012-04-17,28.541668,29.741667,28.208332,29.291668,28.156334,5346000
2012-04-18,29.166668,29.358334,28.383333,28.491667,27.387341,5633880
2012-04-19,28.533333,29.5,28.424999,28.700001,27.587599,5448720
2012-04-20,28.916668,29.083332,28.008333,28.1,27.010859,6109080
2012-04-23,27.133333,28.108334,27.008333,27.866667,26.786566,4925640
2012-04-24,27.791668,28.316668,27.608334,27.958332,26.874681,4118760
2012-04-25,28.299999,28.799999,27.700001,28.783333,27.667704,4458600
2012-04-26,27.575001,28.741667,27.366667,27.674999,26.602331,9012360
2012-04-27,27.441668,27.625,26.891666,27.233334,26.177782,6826680
2012-04-30,27.033333,27.766666,26.916668,27.700001,26.626364,5790960
2012-05-01,27.858334,28.466667,27.65,28.408333,27.30724,5295120
2012-05-02,28.25,28.25,27.616667,27.700001,26.626364,6627480
2012-05-03,27.725,28.416668,27.625,27.950001,26.866669,5919840
2012-05-04,27.808332,27.975,27.475,27.816668,26.738503,6366480
2012-05-07,27.641666,28.658333,27.633333,28.15,27.058918,6416160
2012-05-08,27.858334,28.549999,27.441668,28.441668,27.339279,6187080
2012-05-09,27.816668,29.666668,27.5,29.275,28.243755,8386560
2012-05-10,29.549999,29.658333,28.6,28.816668,27.801573,3736800
2012-05-11,28.475,29.033333,28.424999,28.549999,27.544298,3146280
2012-05-14,28.258333,28.9,27.924999,27.941668,26.957392,4612800
2012-05-15,27.941668,28.0,25.725,26.049999,25.132359,11104080
2012-05-16,26.033333,26.458332,25.308332,25.508333,24.609774,9084000
2012-05-17,25.458332,25.75,24.924999,25.125,24.239944,9345600
2012-05-18,25.183332,25.408333,24.183332,24.466667,23.604807,6233040
2012-05-21,24.549999,25.525,24.275,25.366667,24.473101,5297400
2012-05-22,25.391666,25.641666,24.341667,24.875,23.998755,10381560
2012-05-23,24.591667,25.416668,24.208332,25.266666,24.376621,6000000
2012-05-24,25.35,25.391666,24.475,24.641666,23.773636,5676000
2012-05-25,24.716667,25.075001,24.341667,24.658333,23.789715,2735880
2012-05-29,25.208332,25.833332,24.708332,25.108334,24.223867,4223280
2012-05-30,24.733334,24.733334,23.924999,24.033333,23.186729,5613600
2012-05-31,24.016666,24.075001,23.166668,23.4,22.575714,6992760
2012-06-01,22.616667,24.091667,22.424999,23.458332,22.631985,9202320
2012-06-04,23.616667,23.9,22.924999,23.5,22.67219,4433520
2012-06-05,23.5,24.0,23.041668,23.258333,22.439032,4973400
2012-06-06,23.575001,24.066668,23.416668,23.891666,23.050058,4233960
2012-06-07,24.291668,24.725,23.591667,23.666668,22.832983,2769720
2012-06-08,23.5,23.616667,23.033333,23.541668,22.712385,3367800
2012-06-11,23.725,23.833332,22.691668,22.725,21.92449,4540080
2012-06-12,22.883333,23.116667,22.158333,22.674999,21.876249,5984280
2012-06-13,22.458332,22.891666,22.241667,22.333332,21.546621,3645720
2012-06-14,22.391666,23.0,22.049999,22.983334,22.173717,5363880
2012-06-15,23.049999,23.433332,22.875,23.366667,22.543554,4904520
2012-06-18,23.15,23.458332,22.766666,23.275,22.455114,3061080
2012-06-19,23.549999,24.408333,23.316668,24.200001,23.34753,4477560
2012-06-20,24.216667,24.65,23.983334,24.383333,23.524403,3781080
2012-06-21,24.283333,24.333332,23.258333,23.391666,22.567671,4086480
2012-06-22,23.458332,23.825001,23.15,23.549999,22.720425,6592920
2012-06-25,23.083332,23.200001,22.625,22.783333,21.980762,2824320
2012-06-26,22.775,22.941668,22.008333,22.549999,21.75565,3307920
2012-06-27,22.683332,23.975,22.683332,23.816668,22.977699,4273680
2012-06-28,23.466667,24.716667,23.466667,24.424999,23.564604,4625520
2012-06-29,24.950001,25.241667,24.5,25.200001,24.312304,5960160
2012-07-02,25.116667,25.791668,24.866667,25.366667,24.473101,3324480
2012-07-03,25.608334,26.391666,25.508333,25.991667,25.076082,3122400
2012-07-05,25.816668,26.375,25.558332,25.966667,25.05196,3967920
2012-07-06,25.616667,26.291668,25.408333,25.883333,24.971567,4246920
2012-07-09,25.783333,26.008333,25.058332,25.283333,24.392696,4254000
2012-07-10,25.525,26.375,24.483334,24.708332,23.837954,5005200
2012-07-11,24.891666,25.4,24.533333,25.241667,24.352499,4305600
2012-07-12,24.958332,25.825001,24.541668,25.575001,24.674095,4462920
2012-07-13,25.666668,26.458332,25.65,26.383333,25.453955,3777840
2012-07-16,26.241667,26.291668,25.258333,25.383333,24.489178,5999880
2012-07-17,25.441668,25.841667,24.975,25.666668,24.762531,3519480
2012-07-18,25.666668,26.225,25.166668,25.575001,24.674095,3367800
2012-07-19,25.725,25.950001,25.166668,25.241667,24.352499,4000080
2012-07-20,25.258333,25.766666,25.058332,25.75,24.842932,4688880
2012-07-23,25.258333,25.791668,24.716667,25.674999,24.770569,3023400
2012-07-24,25.716667,25.916668,24.450001,24.558332,23.693243,4878480
2012-07-25,24.758333,24.758333,23.025,23.216667,22.39883,7177080
2012-07-26,24.025,24.441668,23.1,23.716667,22.881218,4906800
2012-07-27,23.983334,24.666668,22.85,24.508333,23.644999,5827440
2012-07-30,24.541668,24.991667,23.9,24.575001,23.709318,3451920
2012-07-31,24.458332,24.558332,23.85,24.15,23.299288,5278320
2012-08-01,24.25,24.933332,23.583332,24.758333,23.886198,4524000
2012-08-02,24.391666,24.783333,23.075001,23.191668,22.374712,5055600
2012-08-03,23.741667,24.691668,23.191668,24.275,23.419888,4479840
2012-08-06,24.35,25.333332,24.141666,25.141666,24.256025,3587880
2012-08-07,25.35,25.833332,25.191668,25.625,24.722332,3818640
2012-08-08,25.516666,26.583332,25.491667,25.916668,25.105776,5211720
2012-08-09,25.816668,28.15,25.775,27.566668,26.704155,7244160
2012-08-10,27.266666,27.641666,26.916668,27.391666,26.534632,5474640
2012-08-13,27.408333,27.633333,26.766666,27.025,26.179432,2494560
2012-08-14,27.25,27.316668,26.333332,26.458332,25.630499,4268040
2012-08-15,26.416668,26.941668,26.083332,26.583332,25.751587,3317040
2012-08-16,26.658333,27.091667,26.408333,26.833332,25.993767,2298240
2012-08-17,26.924999,27.075001,26.5,26.65,25.816172,3230640
2012-08-20,26.741667,27.658333,26.566668,27.549999,26.688009,3550560
2012-08-21,27.633333,28.85,27.558332,27.875,27.002836,4182000
2012-08-22,27.775,28.458332,27.583332,28.158333,27.277313,3361320
2012-08-23,28.058332,28.266666,27.441668,27.491667,26.631502,2566800
2012-08-24,27.458332,27.666668,27.225,27.4,26.542704,2879040
2012-08-27,27.525,27.575001,26.741667,26.841667,26.001842,3449640
2012-08-28,26.883333,27.108334,26.1,26.341667,25.517481,5684760
2012-08-29,26.275,26.424999,25.716667,26.258333,25.436758,3682080
2012-08-30,25.958332,26.041668,25.325001,25.591667,24.790953,4961400
2012-08-31,25.891666,25.983334,25.058332,25.166668,24.379246,3549720
2012-09-04,25.1,25.1,23.683332,24.025,23.2733,6390720
2012-09-05,24.058332,24.299999,23.808332,24.108334,23.354025,3962520
2012-09-06,24.283333,24.575001,23.816668,24.308332,23.547771,4507920
2012-09-07,24.700001,26.166668,24.633333,26.008333,25.194578,5734680
2012-09-10,25.858334,26.808332,25.766666,25.841667,25.033129,4861920
2012-09-11,25.966667,26.525,25.866667,26.016666,25.202654,4050840
2012-09-12,26.166668,26.424999,25.566668,26.083332,25.267231,3256920
2012-09-13,26.058332,27.4,25.65,27.083332,26.235939,4901880
2012-09-14,27.433332,27.975,27.075001,27.35,26.494263,4222920
2012-09-17,27.216667,27.541668,26.65,26.825001,25.985689,2682240
2012-09-18,26.725,27.083332,26.075001,26.508333,25.678932,3573480
2012-09-19,26.583332,26.583332,26.1,26.316668,25.493267,3137760
2012-09-20,26.025,26.15,25.424999,26.008333,25.194578,3622800
2012-09-21,26.174999,26.441668,25.716667,25.950001,25.138067,3035280
2012-09-24,25.441668,25.666668,24.766666,25.108334,24.322741,3742920
2012-09-25,25.208332,25.316668,24.275,24.358334,23.596207,3509160
2012-09-26,24.25,24.9,23.758333,24.35,23.588135,6599040
2012-09-27,24.666668,25.316668,24.591667,25.158333,24.37117,4381440
2012-09-28,25.008333,25.341667,24.683332,25.041668,24.25816,2701800
2012-10-01,25.208332,26.174999,25.108334,25.375,24.58106,5391120
2012-10-02,25.441668,25.6,24.924999,25.158333,24.37117,3002640
2012-10-03,25.183332,25.358334,24.575001,24.758333,23.983692,3321720
2012-10-04,24.958332,26.316668,24.958332,26.15,25.331812,5016960
2012-10-05,26.358334,26.466667,25.941668,26.125,25.307592,3613680
2012-10-08,25.950001,27.116667,25.858334,26.441668,25.614355,3400200
2012-10-09,26.383333,27.891666,26.383333,27.591667,26.728374,5381760
2012-10-10,27.433332,28.033333,27.200001,27.375,26.518482,3881760
2012-10-11,27.700001,29.741667,27.641666,29.566668,28.641577,8379600
2012-10-12,28.666668,29.566668,28.666668,29.283333,28.367111,4541640
2012-10-15,28.366667,29.166668,28.049999,28.633333,27.737448,7808280
2012-10-16,28.75,29.174999,28.533333,28.991667,28.084572,4391040
2012-10-17,29.166668,29.891666,28.791668,29.858334,28.924118,5724600
2012-10-18,29.75,30.333332,29.708332,30.066668,29.125935,3903360
2012-10-19,29.9,30.200001,29.266666,29.341667,28.42362,4006200
2012-10-22,29.883333,31.158333,29.866667,30.5,29.545706,6593400
2012-10-23,29.9,30.333332,29.466667,29.658333,28.730373,4652520
2012-10-24,29.816668,30.291668,28.783333,28.858334,27.95541,3978120
2012-10-25,29.008333,29.358334,28.125,28.683332,27.785883,5612040
2012-10-26,28.75,29.658333,28.716667,29.325001,28.407471,4757760
2012-10-31,29.299999,29.958332,29.191668,29.299999,28.383253,3612000
2012-11-01,29.291668,30.674999,29.191668,30.441668,29.489199,2786880
2012-11-02,30.566668,31.066668,29.174999,29.333332,28.415543,3340680
2012-11-05,29.133333,29.858334,29.116667,29.633333,28.706161,2284680
2012-11-06,29.816668,29.950001,29.483334,29.641666,28.714235,3608160
2012-11-07,27.908333,28.299999,27.450001,27.733334,26.960354,7139160
2012-11-08,27.758333,28.141666,27.225,27.308332,26.547197,3601920
2012-11-09,27.108334,28.275,26.916668,27.458332,26.693014,2705880
2012-11-12,27.666668,27.75,27.25,27.591667,26.822636,1480320
2012-11-13,27.358334,27.799999,27.091667,27.375,26.612003,2437320
2012-11-14,27.366667,27.583332,26.758333,26.966667,26.215057,3308280
2012-11-15,26.875,27.416668,25.825001,25.950001,25.226725,4884840
2012-11-16,26.025,26.508333,25.35,26.458332,25.720886,5549040
2012-11-19,26.916668,27.775,26.916668,27.341667,26.579603,2920200
2012-11-20,27.116667,27.4,26.674999,26.841667,26.093536,1943400
2012-11-21,26.858334,26.975,26.358334,26.9,26.150246,1633560
2012-11-23,27.125,27.258333,26.883333,27.241667,26.482391,957480
2012-11-26,27.066668,27.083332,26.225,26.491667,25.753294,2204640
2012-11-27,26.475,26.674999,26.116667,26.200001,25.469753,2026440
2012-11-28,25.808332,26.691668,25.808332,26.641666,25.899111,2515440
2012-11-29,26.733334,27.125,26.15,26.625,25.88291,2120040
2012-11-30,26.475,26.916668,25.783333,26.125,25.396843,4032360
2012-12-03,26.5,26.666668,25.891666,26.266666,25.534561,2148720
2012-12-04,25.816668,26.6,25.816668,26.208332,25.477854,2082480
2012-12-05,26.308332,27.758333,26.308332,27.483334,26.717319,4425720
2012-12-06,27.475,27.941668,27.375,27.633333,26.86314,3303840
2012-12-07,27.783333,27.924999,27.308332,27.533333,26.765924,1658400
2012-12-10,27.433332,27.924999,26.966667,27.725,26.952251,2186640
2012-12-11,28.0,28.516666,27.65,28.191668,27.405912,3149280
2012-12-12,28.341667,28.85,28.233334,28.541668,27.746153,2298840
2012-12-13,28.475,28.674999,28.083332,28.174999,27.389708,1605840
2012-12-14,27.983334,28.766666,27.875,28.083332,27.300594,2965080
2012-12-17,28.241667,28.424999,27.775,28.058332,27.276293,2400840
2012-12-18,28.108334,28.833332,28.083332,28.575001,27.778559,2806560
2012-12-19,28.666668,29.391666,28.35,28.358334,27.668795,2266320
2012-12-20,28.35,28.424999,27.725,28.058332,27.376089,2588520
2012-12-21,27.333332,27.758333,27.308332,27.625,26.953293,3527640
2012-12-24,27.716667,27.733334,27.033333,27.225,26.563017,724200
2012-12-26,27.358334,27.616667,26.991667,27.141666,26.481712,1822920
2012-12-27,27.258333,27.416668,26.424999,26.85,26.197136,2377440
2012-12-28,26.666668,26.825001,26.316668,26.466667,25.823124,4605600
2012-12-31,26.358334,26.833332,26.316668,26.75,26.099569,3609000
2013-01-02,27.516666,27.516666,25.5,25.841667,25.213322,5181240
2013-01-03,25.833332,26.9,25.658333,26.608334,25.961344,3528840
2013-01-04,26.616667,27.108334,26.575001,27.025,26.367882,2763240
2013-01-07,26.716667,26.833332,26.316668,26.483334,25.839386,2999880
2013-01-08,26.416668,26.483334,25.716667,26.058332,25.424717,2693040
2013-01-09,26.058332,26.25,25.424999,25.691668,25.066967,3687840
2013-01-10,25.983334,26.1,25.5,25.75,25.123882,3129840
2013-01-11,25.741667,25.9,24.816668,25.158333,24.5466,6528600
2013-01-14,25.158333,25.341667,24.799999,24.924999,24.318943,3063480
2013-01-15,24.75,25.533333,24.516666,25.5,24.879961,6176760
2013-01-16,25.483334,25.5,25.083332,25.241667,24.627909,2865240
2013-01-17,25.416668,25.758333,25.191668,25.491667,24.87183,3185400
2013-01-18,25.816668,26.616667,25.741667,26.566668,25.920691,8850960
2013-01-22,26.483334,27.4,26.291668,27.283333,26.61993,3847320
2013-01-23,27.1,27.491667,26.875,26.916668,26.262182,2445000
2013-01-24,26.916668,27.491667,26.575001,26.808332,26.156485,2698320
2013-01-25,26.833332,26.841667,26.375,26.733334,26.083309,2114760
2013-01-28,26.708332,26.816668,25.758333,25.924999,25.294622,2372040
2013-01-29,25.924999,26.725,25.924999,26.516666,25.871906,2981040
2013-01-30,26.525,26.791668,25.858334,25.958332,25.327148,2649720
2013-01-31,27.291668,27.6,25.466667,26.116667,25.481634,4517760
2013-02-01,26.325001,26.416668,25.458332,26.191668,25.554811,4732080
2013-02-04,25.908333,26.291668,25.6,25.658333,25.034443,3151920
2013-02-05,25.775,25.991667,25.516666,25.825001,25.19706,2541360
2013-02-06,25.6,26.358334,25.549999,26.091667,25.457241,2296080
2013-02-07,26.033333,26.158333,25.416668,25.691668,25.066967,1926840
2013-02-08,25.766666,26.575001,25.691668,26.441668,25.798733,2841720
2013-02-11,26.475,27.65,26.383333,27.308332,26.644325,6943320
2013-02-12,27.458332,27.833332,27.016666,27.291668,26.628063,3809640
2013-02-13,27.166668,27.799999,27.125,27.508333,26.839462,2034360
2013-02-14,27.466667,28.549999,27.450001,28.433332,27.741968,4312320
2013-02-15,28.358334,28.525,28.016666,28.4,27.709446,5358360
2013-02-19,28.4,28.75,28.133333,28.65,27.953369,2833560
2013-02-20,28.533333,28.533333,27.4,27.458332,26.790674,2559840
2013-02-21,27.241667,27.75,27.116667,27.216667,26.554886,2744520
2013-02-22,27.433332,27.433332,26.825001,27.091667,26.432926,3034560
2013-02-25,27.424999,27.441668,25.958332,25.966667,25.335281,3363840
2013-02-26,26.108334,26.25,25.541668,26.174999,25.538546,1731840
2013-02-27,26.041668,26.941668,26.033333,26.808332,26.156485,1843200
2013-02-28,26.75,27.174999,26.450001,26.791668,26.140223,2067720
2013-03-01,26.633333,26.641666,25.316668,25.533333,24.912487,3980160
2013-03-04,25.1,25.6,24.658333,25.0,24.392118,4056840
2013-03-05,25.241667,25.616667,24.816668,25.174999,24.56286,3709920
2013-03-06,25.258333,25.433332,25.0,25.308332,24.692951,3076440
2013-03-07,25.25,26.216667,25.066668,26.15,25.514156,5231280
2013-03-08,26.35,26.966667,25.933332,26.766666,26.115826,3329640
2013-03-11,27.091667,27.491667,26.775,27.275,26.611801,3797400
2013-03-12,27.216667,27.466667,26.916668,27.141666,26.481712,2108160
2013-03-13,27.174999,27.483334,26.833332,27.033333,26.376013,1804080
2013-03-14,27.049999,28.1,26.716667,28.091667,27.408613,3547560
2013-03-15,28.041668,28.608334,27.891666,28.258333,27.571228,3600240
2013-03-18,27.791668,29.366667,27.733334,28.991667,28.28673,5196000
2013-03-19,28.991667,29.133333,27.866667,28.408333,27.717577,4488720
2013-03-20,28.525,28.65,27.908333,28.566668,27.872061,2048400
2013-03-21,28.391666,28.991667,28.141666,28.141666,27.457394,2003040
2013-03-22,28.325001,28.516666,27.741667,28.049999,27.367958,1904280
2013-03-25,28.141666,28.241667,27.808332,28.049999,27.367958,1541760
2013-03-26,28.266666,28.408333,27.391666,27.875,27.19721,2340840
2013-03-27,27.591667,28.791668,27.341667,28.700001,28.002153,4091760
2013-03-28,28.666668,28.666668,27.958332,28.041668,27.359827,3049440
2013-04-01,28.108334,28.174999,27.008333,27.108334,26.449184,3464160
2013-04-02,27.208332,27.225,26.733334,27.049999,26.392271,2521320
2013-04-03,27.116667,27.591667,26.700001,27.016666,26.359751,2555520
2013-04-04,26.975,27.241667,26.375,26.666668,26.018261,2205840
2013-04-05,26.25,27.691668,26.25,27.491667,26.8232,3214680
2013-04-08,27.391666,27.791668,27.216667,27.691668,27.018341,1562040
2013-04-09,27.725,28.424999,27.608334,27.975,27.294779,1935960
2013-04-10,28.008333,28.358334,27.716667,28.15,27.465525,1849080
2013-04-11,28.108334,28.258333,27.758333,28.225,27.538706,2328720
2013-04-12,28.674999,28.75,27.266666,27.975,27.294779,2777760
2013-04-15,27.575001,27.9,26.75,26.858334,26.205265,3224520
2013-04-16,27.233334,27.441668,26.35,26.933332,26.278444,2383200
2013-04-17,26.575001,26.733334,25.658333,26.108334,25.473503,3143400
2013-04-18,26.316668,28.108334,25.933332,27.65,26.977688,4835880
2013-04-19,27.816668,28.041668,26.5,26.9,26.245922,2641440
2013-04-22,27.1,27.266666,26.458332,27.174999,26.514235,1851360
2013-04-23,27.233334,27.533333,26.608334,26.799999,26.14835,3318120
2013-04-24,26.966667,28.133333,26.891666,27.799999,27.124033,3050040
2013-04-25,27.791668,28.358334,26.775,27.491667,26.8232,4273440
2013-04-26,27.491667,27.674999,26.6,27.1,26.441059,2607960
2013-04-29,27.266666,27.833332,27.0,27.716667,27.04273,2636880
2013-04-30,27.674999,28.200001,27.133333,28.033333,27.3517,3190680
2013-05-01,27.766666,28.266666,27.275,27.908333,27.229733,2613840
2013-05-02,28.716667,29.308332,28.4,29.075001,28.368034,4965840
2013-05-03,29.333332,29.875,29.174999,29.65,28.929052,3022560
2013-05-06,29.625,29.791668,29.341667,29.491667,28.774572,2453400
2013-05-07,29.525,29.700001,28.966667,29.058332,28.351774,2187480
2013-05-08,29.041668,29.883333,28.891666,29.825001,29.204489,3475800
2013-05-09,29.625,29.808332,28.975,29.258333,28.649611,3165360
2013-05-10,29.158333,29.424999,28.475,29.041668,28.437456,2207040
2013-05-13,28.924999,28.958332,28.225,28.375,27.784655,3178320
2013-05-14,28.233334,28.5,27.941668,28.291668,27.703062,2715000
2013-05-15,28.083332,28.608334,27.841667,28.299999,27.711216,1902000
2013-05-16,28.1,28.825001,27.933332,28.033333,27.4501,2280960
2013-05-17,28.125,28.5,27.958332,28.308332,27.719376,1823400
2013-05-20,28.4,29.583332,28.341667,29.216667,28.608814,2368440
2013-05-21,29.391666,30.183332,29.15,29.533333,28.918888,2758680
2013-05-22,29.666668,30.258333,29.15,29.383333,28.772013,2601000
2013-05-23,28.858334,29.816668,28.641666,29.733334,29.114731,2913120
2013-05-24,29.450001,29.975,29.441668,29.549999,28.935213,1879200
2013-05-28,29.941668,30.116667,29.383333,29.65,29.033129,1983000
2013-05-29,29.491667,29.966667,29.033333,29.325001,28.71489,2359080
2013-05-30,29.375,29.683332,28.666668,29.533333,28.918888,3459480
2013-05-31,29.291668,29.475,28.9,28.9,28.298731,2695440
2013-06-03,29.091667,29.458332,28.508333,28.950001,28.347696,2056320
2013-06-04,28.891666,29.333332,28.191668,28.566668,27.972336,1662720
2013-06-05,28.416668,28.533333,28.025,28.083332,27.499056,1968720
2013-06-06,28.1,28.216667,27.591667,27.908333,27.327696,1542000
2013-06-07,27.933332,28.108334,27.583332,28.025,27.441938,1954080
2013-06-10,28.033333,28.133333,27.558332,27.908333,27.327696,1499880
2013-06-11,27.566668,27.566668,26.883333,26.958332,26.397463,2669280
2013-06-12,27.191668,27.216667,26.325001,26.508333,25.956825,3395880
2013-06-13,26.441668,27.133333,26.299999,27.033333,26.470903,1528680
2013-06-14,27.1,27.125,26.083332,26.625,26.071066,1983960
2013-06-17,26.791668,27.075001,26.375,26.633333,26.079224,2202600
2013-06-18,26.65,27.125,26.391666,26.616667,26.062904,2918400
2013-06-19,26.525,26.733334,25.9,25.950001,25.41011,2127960
2013-06-20,25.616667,25.691668,24.983334,25.116667,24.594114,3710160
2013-06-21,25.299999,25.375,24.791668,24.825001,24.308514,4064280
2013-06-24,24.575001,24.633333,22.733334,23.375,22.888681,6736560
2013-06-25,23.65,23.716667,22.466667,23.275,22.790764,6465240
2013-06-26,23.366667,23.466667,22.516666,22.583332,22.113483,4801800
2013-06-27,22.825001,23.216667,22.6,22.791668,22.317484,3982320
2013-06-28,22.708332,22.991667,22.366667,22.583332,22.113483,2920320
2013-07-01,22.658333,23.25,22.508333,22.924999,22.448044,2954400
2013-07-02,22.883333,23.275,22.341667,22.6,22.129807,3897240
2013-07-03,22.450001,22.450001,21.924999,22.133333,21.672844,2664480
2013-07-05,22.174999,22.266666,21.875,22.091667,21.632048,1708080
2013-07-08,22.225,23.141666,22.166668,22.966667,22.488842,3292200
2013-07-09,23.183332,23.408333,23.008333,23.191668,22.709162,2396640
2013-07-10,23.258333,23.458332,22.633333,22.783333,22.309322,2442480
2013-07-11,23.216667,23.75,23.216667,23.525,23.035561,2626680
2013-07-12,23.391666,23.65,22.783333,23.058332,22.5786,1914480
2013-07-15,23.091667,23.525,23.0,23.391666,22.905001,2825640
2013-07-16,23.533333,23.841667,23.408333,23.833332,23.337477,2812560
2013-07-17,23.825001,24.091667,23.625,23.924999,23.427238,2975880
2013-07-18,24.016666,25.108334,24.016666,24.608334,24.096355,3897120
2013-07-19,24.508333,24.708332,24.083332,24.174999,23.672035,3041640
2013-07-22,24.158333,24.325001,23.825001,23.983334,23.484354,2057280
2013-07-23,24.299999,24.758333,24.075001,24.375,23.867878,2437320
2013-07-24,24.383333,24.383333,23.458332,23.583332,23.09268,3116760
2013-07-25,24.025,25.541668,24.025,25.408333,24.879709,7755960
2013-07-26,25.308332,26.158333,25.033333,26.125,25.581465,5189520
2013-07-29,25.916668,26.133333,25.816668,26.025,25.483545,3990240
2013-07-30,25.983334,26.083332,25.700001,25.858334,25.320349,2829600
2013-07-31,26.066668,26.325001,25.775,25.858334,25.320349,3673920
2013-08-01,26.0,26.283333,25.85,25.991667,25.450907,2206320
2013-08-02,25.975,25.983334,25.641666,25.85,25.312191,2244360
2013-08-05,25.75,26.183332,25.691668,26.066668,25.524349,2437560
2013-08-06,25.833332,26.191668,25.716667,25.958332,25.418266,2701920
2013-08-07,25.816668,25.833332,25.266666,25.308332,24.881638,1745640
2013-08-08,25.525,26.016666,25.275,25.691668,25.258507,2105880
2013-08-09,25.775,26.891666,25.700001,26.716667,26.266228,2230200
2013-08-12,26.708332,27.091667,26.25,26.316668,25.872974,2053800
2013-08-13,26.633333,26.633333,25.950001,26.125,25.684534,1213440
2013-08-14,26.108334,26.549999,26.091667,26.266666,25.823814,1735080
2013-08-15,25.883333,26.308332,25.708332,26.116667,25.676346,1337880
2013-08-16,25.975,26.025,25.283333,25.625,25.192965,2389080
2013-08-19,25.625,25.674999,25.15,25.208332,24.783321,1316160
2013-08-20,25.208332,26.674999,25.200001,26.441668,25.995865,2512560
2013-08-21,26.266666,26.591667,26.066668,26.233334,25.791044,1894440
2013-08-22,26.441668,27.549999,26.391666,27.316668,26.85611,2115720
2013-08-23,27.424999,27.816668,27.266666,27.691668,27.224792,1574760
2013-08-26,27.716667,28.316668,27.5,27.566668,27.101898,1876560
2013-08-27,27.166668,27.233334,26.549999,26.583332,26.135141,2452440
2013-08-28,26.575001,26.775,26.341667,26.758333,26.307194,2113200
2013-08-29,26.716667,26.766666,25.908333,26.016666,25.578028,2106960
2013-08-30,25.991667,26.258333,25.891666,26.025,25.58622,1426440
2013-09-03,26.516666,26.975,26.483334,26.708332,26.258032,1961040
2013-09-04,26.658333,27.25,26.341667,27.225,26.765989,1651200
2013-09-05,27.200001,28.091667,27.174999,27.758333,27.290329,1820520
2013-09-06,27.891666,28.233334,27.508333,27.875,27.405027,1704600
2013-09-09,28.0,28.966667,28.0,28.924999,28.43733,2262360
2013-09-10,29.049999,29.125,28.450001,28.733334,28.248894,1628520
2013-09-11,28.733334,29.408333,28.266666,29.308332,28.814198,1907520
2013-09-12,29.083332,29.308332,28.775,28.799999,28.314436,2201640
2013-09-13,28.75,28.816668,28.075001,28.166668,27.691784,1787640
2013-09-16,28.566668,28.674999,28.233334,28.258333,27.781904,1635480
2013-09-17,28.291668,29.008333,28.283333,28.716667,28.232508,2056200
2013-09-18,28.733334,29.941668,28.450001,29.633333,29.13372,2249520
2013-09-19,29.666668,30.466667,29.383333,29.450001,28.95348,3381720
2013-09-20,29.441668,29.450001,28.75,29.075001,28.584801,2607960
2013-09-23,28.883333,29.450001,28.85,28.966667,28.478296,1512240
2013-09-24,28.950001,28.991667,28.35,28.450001,27.970339,2993880
2013-09-25,28.533333,28.725,27.908333,27.975,27.503344,2855280
2013-09-26,28.225,28.541668,28.016666,28.141666,27.6672,1512360
2013-09-27,28.458332,28.533333,27.775,27.916668,27.445997,2143680
2013-09-30,27.516666,28.358334,27.466667,28.041668,27.56889,2629200
2013-10-01,27.950001,28.341667,27.691668,28.325001,27.847445,3632040
2013-10-02,28.133333,28.808332,27.966667,28.775,28.289856,2131920
2013-10-03,28.775,29.6,28.700001,29.516666,29.019022,4037400
2013-10-04,29.533333,30.483334,29.450001,30.275,29.76457,3555600
2013-10-07,29.875,30.091667,29.441668,29.441668,28.945286,2123280
2013-10-08,29.5,30.091667,29.141666,29.25,28.756849,2509680
2013-10-09,29.325001,29.5,29.108334,29.225,28.732271,2232360
2013-10-10,29.575001,30.725,29.475,30.658333,30.141438,4724520
2013-10-11,30.475,32.691666,30.200001,31.808332,31.272049,12272400
2013-10-14,31.591667,32.283333,31.299999,32.016666,31.476871,3999960
2013-10-15,31.933332,32.375,31.658333,31.958332,31.419519,3992160
2013-10-16,32.191666,32.408333,31.174999,31.458332,30.92795,4144560
2013-10-17,31.433332,31.991667,31.15,31.475,30.944334,2755920
2013-10-18,31.791668,31.891666,31.366667,31.666668,31.132776,2939400
2013-10-21,31.766666,32.041668,31.141666,31.658333,31.12458,2993760
2013-10-22,31.975,32.416668,31.683332,31.975,31.435905,2565000
2013-10-23,31.633333,31.666668,30.950001,31.424999,30.89518,3275880
2013-10-24,31.608334,32.058334,31.316668,31.866667,31.329399,1801200
2013-10-25,31.975,32.0,31.558332,31.783333,31.247469,2102640
2013-10-28,30.799999,32.291668,30.416668,31.625,31.091808,12656160
2013-10-29,31.733334,32.458332,30.691668,31.450001,30.919756,5301360
2013-10-30,31.25,31.866667,30.333332,30.700001,30.182402,4333560
2013-10-31,31.066668,31.25,30.333332,30.416668,29.903845,4897800
2013-11-01,30.716667,30.758333,29.758333,30.533333,30.018545,4946400
2013-11-04,30.875,31.9,30.450001,31.466667,30.936144,4596840
2013-11-05,31.225,31.241667,30.549999,30.633333,30.116858,2918640
2013-11-06,30.674999,30.9,29.608334,29.975,29.469627,2749560
2013-11-07,30.116667,30.35,29.366667,29.775,29.272995,3289320
2013-11-08,29.816668,30.566668,29.783333,30.341667,29.830111,3104160
2013-11-11,30.266666,30.6,30.075001,30.158333,29.649868,1611240
2013-11-12,29.766666,30.025,29.424999,29.575001,29.07637,1852920
2013-11-13,29.316668,30.016666,29.133333,30.016666,29.614899,2140800
2013-11-14,29.941668,30.141666,29.291668,29.733334,29.335358,2061960
2013-11-15,29.891666,30.391666,29.658333,29.983334,29.582014,3332280
2013-11-18,29.725,29.841667,28.608334,28.799999,28.414516,3927000
2013-11-19,28.741667,28.983334,28.058332,28.583332,28.200748,2690880
2013-11-20,28.716667,29.125,28.549999,28.808332,28.422737,2180760
2013-11-21,28.866667,29.15,28.633333,28.808332,28.422737,2275200
2013-11-22,28.975,29.583332,28.666668,29.424999,29.031151,2423880
2013-11-25,29.441668,29.466667,29.008333,29.183332,28.792719,1746960
2013-11-26,29.075001,29.508333,28.85,29.233334,28.842051,2429160
2013-11-27,29.258333,29.916668,29.108334,29.533333,29.138035,3347640
2013-11-29,29.608334,29.975,29.25,29.65,29.253141,1472280
2013-12-02,29.758333,30.391666,29.458332,30.133333,29.730005,2726280
2013-12-03,29.941668,30.816668,29.9,30.4,29.993101,2763240
2013-12-04,30.333332,30.908333,30.291668,30.625,30.215092,2144880
2013-12-05,30.625,31.333332,30.433332,31.066668,30.650845,3198360
2013-12-06,31.325001,31.625,30.283333,30.491667,30.083542,1991640
2013-12-09,30.491667,31.116667,30.458332,30.916668,30.502855,2729880
2013-12-10,30.566668,31.891666,30.566668,31.608334,31.185261,3574440
2013-12-11,31.5,31.666668,30.700001,30.808332,30.395969,2496720
2013-12-12,30.808332,31.1,30.5,30.700001,30.289087,1820640
2013-12-13,30.733334,31.041668,30.541668,30.983334,30.568626,1608840
2013-12-16,31.041668,31.533333,31.041668,31.066668,30.650845,2234640
2013-12-17,30.966667,31.258333,30.525,31.191668,30.774172,2150640
2013-12-18,31.058332,31.325001,30.625,31.299999,30.881056,2610120
2013-12-19,31.233334,32.158333,31.125,32.0,31.571686,3156360
2013-12-20,32.108334,32.133331,31.516666,31.533333,31.111265,2896800
2013-12-23,31.775,32.041668,30.875,31.258333,30.839943,3429240
2013-12-24,31.25,31.799999,31.216667,31.549999,31.127708,1010160
2013-12-26,31.616667,31.775,31.225,31.541668,31.11949,1542120
2013-12-27,31.583332,32.108334,31.450001,31.991667,31.563463,2428320
2013-12-30,32.116669,32.233334,31.408333,31.466667,31.045492,1511160
2013-12-31,31.525,31.75,31.4,31.700001,31.275702,1382880
2014-01-02,31.533333,31.958332,31.308332,31.4,30.979717,1405320
2014-01-03,31.416668,31.708332,31.258333,31.508333,31.086597,1810800
2014-01-06,31.516666,32.158333,31.358334,31.658333,31.234591,1852320
2014-01-07,31.716667,31.908333,30.866667,31.191668,30.774172,2483880
2014-01-08,30.091667,31.25,29.958332,30.75,30.338419,3114600
2014-01-09,30.833332,30.883333,29.766666,30.216667,29.812222,3009480
2014-01-10,30.35,30.733334,30.083332,30.525,30.116428,2519760
2014-01-13,30.391666,30.916668,30.283333,30.341667,29.935549,2899200
2014-01-14,30.5,30.866667,30.258333,30.458332,30.050652,2065680
2014-01-15,30.708332,32.116669,30.691668,31.991667,31.563463,4810800
2014-01-16,31.924999,32.333332,31.716667,31.908333,31.481243,3128040
2014-01-17,31.916668,32.383331,31.833332,31.841667,31.41547,1894320
2014-01-21,31.924999,32.341667,31.791668,31.816668,31.390806,2280000
2014-01-22,32.016666,32.641666,31.983334,32.408333,31.974552,3254160
2014-01-23,32.25,32.974998,31.566668,31.666668,31.242817,4110240
2014-01-24,32.049999,32.049999,31.033333,31.225,30.807058,4946160
2014-01-27,31.166668,31.825001,30.775,31.041668,30.626181,3476040
2014-01-28,31.174999,31.475,30.950001,31.383333,30.963272,2435880
2014-01-29,31.058332,31.416668,30.85,31.291668,30.872835,3429000
2014-01-30,31.5,31.783333,30.825001,31.583332,31.160595,4326600
2014-01-31,31.391666,32.291668,30.841667,31.125,30.708393,4636440
2014-02-03,31.433332,31.433332,30.441668,30.733334,30.321972,3203520
2014-02-04,30.833332,31.75,30.733334,31.458332,31.037268,2786520
2014-02-05,31.424999,31.424999,30.333332,30.558332,30.149315,2988240
2014-02-06,30.041668,31.058332,30.041668,30.924999,30.511076,1515480
2014-02-07,31.008333,31.15,30.166668,30.416668,30.009544,2278560
2014-02-10,30.450001,31.016666,30.316668,31.008333,30.593296,2360280
2014-02-11,31.25,31.875,31.200001,31.766666,31.341475,2520840
2014-02-12,31.875,32.191666,31.483334,31.558332,31.187475,2099160
2014-02-13,31.15,31.916668,31.15,31.483334,31.113354,2511480
2014-02-14,31.616667,32.291668,31.616667,32.025002,31.648657,2078520
2014-02-18,32.0,32.775002,31.591667,32.583332,32.200428,2256360
2014-02-19,32.541668,34.174999,32.541668,33.158333,32.768669,6391560
2014-02-20,33.200001,33.491669,32.908333,33.266666,32.875732,2312400
2014-02-21,33.333332,33.791668,33.049999,33.075001,32.686317,2422800
2014-02-24,33.083332,34.083332,33.083332,33.583332,33.188675,2490600
2014-02-25,33.450001,33.508331,32.424999,32.974998,32.587486,2690040
2014-02-26,32.908333,33.141666,32.216667,32.408333,32.027485,2049120
2014-02-27,32.458332,33.508331,32.258331,33.424999,33.032204,2506080
2014-02-28,33.416668,33.474998,32.841667,33.416668,33.023964,1976760
2014-03-03,33.325001,33.466667,33.008331,33.275002,32.883965,1640280
2014-03-04,33.633331,33.799999,33.241669,33.758331,33.361622,1968000
2014-03-05,33.650002,33.758331,33.108334,33.174999,32.785141,1413720
2014-03-06,33.308334,33.908333,33.200001,33.866669,33.468689,1986360
2014-03-07,33.741669,33.783333,32.858334,33.275002,32.883965,2486040
2014-03-10,33.008331,33.099998,32.424999,32.883331,32.496891,1905720
2014-03-11,32.941666,33.116669,32.5,32.575001,32.192192,1590120
2014-03-12,32.433334,32.983334,32.366669,32.533333,32.15102,1694160
2014-03-13,32.775002,33.0,31.841667,32.133331,31.755713,2436960
2014-03-14,32.049999,32.416668,31.975,32.158333,31.780422,1513920
2014-03-17,32.25,33.141666,32.183334,33.125,32.735725,2556240
2014-03-18,33.058334,33.641666,32.683334,33.5,33.106319,2558640
2014-03-19,33.450001,33.666668,33.033333,33.358334,32.96632,1793280
2014-03-20,32.858334,33.549999,32.816666,33.516666,33.122795,2598600
2014-03-21,33.799999,34.191666,33.650002,33.916668,33.518097,4126560
2014-03-24,33.941666,34.450001,33.641666,33.775002,33.378098,2726400
2014-03-25,33.900002,34.316666,33.766666,34.216667,33.814564,2292720
2014-03-26,33.958332,34.125,33.208332,33.983334,33.583981,4018920
2014-03-27,33.958332,34.349998,33.733334,34.291668,33.888683,2837400
2014-03-28,34.349998,34.591667,33.049999,33.125,32.735725,3652320
2014-03-31,33.458332,33.458332,32.691666,33.291668,32.900436,2452800
2014-04-01,33.383331,33.474998,32.566666,32.875,32.488667,2184720
2014-04-02,32.783333,33.599998,32.783333,33.566666,33.172207,2694120
2014-04-03,33.458332,34.016666,33.458332,33.533333,33.139263,1756200
2014-04-04,33.849998,34.283333,33.391666,33.583332,33.188675,2345520
2014-04-07,33.608334,33.958332,33.075001,33.116669,32.727497,1865160
2014-04-08,33.549999,34.533333,33.483334,34.166668,33.765152,3749520
2014-04-09,34.633331,34.799999,34.216667,34.666668,34.259277,2996400
2014-04-10,34.583332,34.825001,34.0,34.066666,33.666325,2613600
2014-04-11,33.974998,34.216667,33.299999,33.424999,33.032204,2623920
2014-04-14,33.599998,34.174999,33.391666,33.816666,33.419266,1893960
2014-04-15,33.758331,34.291668,33.358334,34.116669,33.715744,2884200
2014-04-16,34.375,34.566666,33.875,34.566666,34.160458,2300760
2014-04-17,34.558334,34.966667,34.025002,34.841667,34.43222,2101680
2014-04-21,34.941666,35.116669,34.700001,34.983334,34.572224,1358880
2014-04-22,34.833332,35.108334,34.383331,34.575001,34.168686,1625880
2014-04-23,34.516666,35.216667,34.441666,35.191666,34.778107,2710800
2014-04-24,35.125,36.441666,35.075001,36.091667,35.667538,4237200
2014-04-25,35.875,36.316666,35.358334,35.75,35.32988,3105720
2014-04-28,35.716667,35.716667,34.741669,34.958332,34.54752,3730320
2014-04-29,36.450001,36.816666,35.933334,36.608334,36.178127,5621760
2014-04-30,36.5,37.266666,36.075001,37.091667,36.655785,5761200
2014-05-01,37.083332,37.974998,36.900002,37.633331,37.191082,3697800
2014-05-02,37.591667,37.900002,37.066666,37.266666,36.82872,2851920
2014-05-05,37.233334,37.241669,36.575001,36.616669,36.186367,2826480
2014-05-06,36.641666,36.883331,36.383331,36.416668,35.988716,2056320
2014-05-07,36.966667,36.991669,36.275002,36.558334,36.128723,3217920
2014-05-08,36.375,36.608334,35.658333,35.766666,35.39719,1687680
2014-05-09,35.883331,36.083332,35.625,36.066666,35.69408,1647120
2014-05-12,36.491669,36.950001,36.491669,36.858334,36.477573,2026080
2014-05-13,36.841667,36.950001,36.358334,36.458332,36.081711,1441320
2014-05-14,36.549999,36.958332,36.458332,36.566666,36.188915,1730040
2014-05-15,36.558334,36.775002,35.808334,36.733334,36.353867,3478200
2014-05-16,36.625,36.700001,36.0,36.691666,36.312622,3277080
2014-05-19,36.666668,37.566666,36.599998,37.316666,36.931171,2580360
2014-05-20,37.174999,37.416668,36.924999,37.066666,36.683754,2033760
2014-05-21,37.191666,37.375,36.741669,37.083332,36.700249,1970760
2014-05-22,37.266666,37.599998,36.633331,36.841667,36.461079,2897400
2014-05-23,36.883331,37.125,36.825001,37.025002,36.642517,2751960
2014-05-27,37.041668,37.724998,36.891666,37.708332,37.318794,2127360
2014-05-28,37.708332,37.825001,37.441666,37.724998,37.335293,1846080
2014-05-29,37.75,37.799999,37.099998,37.241669,36.856949,3576240
2014-05-30,37.049999,37.099998,36.441666,36.808334,36.428089,4386240
2014-06-02,36.974998,37.533333,36.916668,37.183334,36.799217,2149200
2014-06-03,36.950001,37.150002,36.525002,37.041668,36.659012,2254680
2014-06-04,36.950001,38.308334,36.674999,38.133331,37.739399,3663600
2014-06-05,38.108334,39.625,37.833332,39.508331,39.100193,5338680
2014-06-06,40.25,40.25,39.299999,39.541668,39.13319,4554600
2014-06-09,39.566666,39.724998,39.125,39.158333,38.753811,2924280
2014-06-10,39.075001,39.424999,38.633331,38.791668,38.390938,2766000
2014-06-11,38.724998,39.283333,38.541668,39.166668,38.762066,2286360
2014-06-12,39.291668,39.408333,37.066666,37.349998,36.964161,9014880
2014-06-13,37.641666,38.716667,37.583332,38.408333,38.011559,5240640
2014-06-16,38.408333,38.408333,37.674999,38.091667,37.698166,2994960
2014-06-17,38.008331,38.433334,37.924999,38.091667,37.698166,1887120
2014-06-18,38.091667,38.575001,37.891666,38.549999,38.151756,1430640
2014-06-19,38.450001,39.166668,38.450001,39.008331,38.605366,3502200
2014-06-20,39.241669,39.424999,38.866669,39.375,38.968239,3632760
2014-06-23,39.383331,39.858334,39.224998,39.325001,38.918758,1800840
2014-06-24,39.166668,39.325001,37.883331,38.058334,37.66518,2317320
2014-06-25,37.875,38.700001,37.875,38.583332,38.184753,1989240
2014-06-26,38.658333,38.941666,38.283333,38.658333,38.25898,1633200
2014-06-27,38.483334,38.841667,38.033333,38.366669,37.970329,2011560
2014-06-30,38.208332,38.433334,37.974998,38.391666,37.995068,2677920
2014-07-01,38.583332,38.841667,38.166668,38.258331,37.863106,1318200
2014-07-02,38.066666,38.525002,37.658333,37.741669,37.351784,2434800
2014-07-03,37.908333,38.166668,37.700001,38.083332,37.689919,1059360
2014-07-07,37.983334,37.983334,37.058334,37.125,36.741486,2827320
2014-07-08,37.075001,37.083332,36.383331,36.400002,36.023975,3648600
2014-07-09,36.450001,36.791668,36.033333,36.758331,36.378597,2175840
2014-07-10,36.383331,36.650002,36.200001,36.241669,35.867283,2384400
2014-07-11,35.991669,36.341667,35.766666,36.075001,35.702332,2420280
2014-07-14,36.358334,36.533333,36.041668,36.299999,35.925003,2048280
2014-07-15,36.308334,36.358334,34.924999,35.424999,35.05904,3912720
2014-07-16,35.691666,35.825001,35.424999,35.525002,35.158012,2364600
2014-07-17,35.200001,35.658333,34.033333,34.141666,33.788971,3888360
2014-07-18,34.183334,34.875,34.033333,34.741669,34.382774,2697840
2014-07-21,34.583332,34.583332,33.983334,34.066666,33.714745,3555000
2014-07-22,34.441666,34.599998,33.841667,33.966667,33.61578,2800560
2014-07-23,33.966667,34.0,33.441666,33.924999,33.574547,2441520
2014-07-24,33.924999,34.275002,33.766666,33.950001,33.599285,1808160
2014-07-25,33.775002,33.958332,33.299999,33.341667,32.997238,2224080
2014-07-28,33.491669,33.724998,33.150002,33.283333,32.939507,2212800
2014-07-29,33.283333,34.066666,32.633331,33.599998,33.252895,3868560
2014-07-30,33.75,33.966667,32.799999,33.224998,32.881775,4183440
2014-07-31,32.958332,33.025002,32.283333,32.349998,32.015812,2402760
2014-08-01,32.133331,32.700001,32.049999,32.458332,32.123024,2651760
2014-08-04,32.541668,33.116669,32.400002,32.983334,32.642609,2165520
2014-08-05,32.691666,33.450001,32.641666,32.791668,32.452919,2753760
2014-08-06,32.566666,33.483334,32.566666,33.266666,32.923016,2021040
2014-08-07,33.775002,33.900002,33.166668,33.299999,32.956005,3297600
2014-08-08,33.299999,33.525002,33.033333,33.466667,33.120941,1902000
2014-08-11,33.433334,33.933334,33.433334,33.716667,33.368362,2255040
2014-08-12,33.641666,33.650002,32.650002,32.908333,32.568378,3106440
2014-08-13,32.958332,33.525002,32.833332,33.291668,33.000401,2216520
2014-08-14,33.258331,33.299999,32.966667,33.108334,32.818668,1273800
2014-08-15,33.174999,33.283333,32.858334,33.083332,32.793888,1455480
2014-08-18,33.224998,33.408333,32.849998,32.950001,32.66172,1661400
2014-08-19,32.966667,33.558334,32.924999,33.191666,32.901276,2353920
2014-08-20,33.158333,33.208332,32.758331,33.108334,32.818668,1491000
2014-08-21,33.133331,33.383331,32.849998,33.266666,32.97562,2839320
2014-08-22,33.158333,33.666668,32.833332,33.483334,33.190384,2459280
2014-08-25,33.641666,33.683334,32.766666,32.825001,32.537811,2627880
2014-08-26,32.916668,33.549999,32.916668,33.116669,32.826935,2238240
2014-08-27,33.158333,33.674999,32.958332,33.450001,33.157349,2226240
2014-08-28,33.258331,33.258331,32.908333,32.941666,32.653454,1274400
2014-08-29,33.0,33.591667,32.974998,33.566666,33.272991,1966200
2014-09-02,33.566666,33.666668,33.108334,33.349998,33.058216,2861520
2014-09-03,33.583332,33.741669,33.316666,33.366669,33.074738,1602840
2014-09-04,33.375,33.633331,33.116669,33.183334,32.893017,3601320
2014-09-05,33.141666,33.433334,32.966667,33.424999,33.132561,1813800
2014-09-08,33.200001,33.208332,32.433334,32.625,32.339565,2268600
2014-09-09,32.658333,32.908333,32.0,32.241669,31.959587,3449280
2014-09-10,32.183334,32.558334,31.866667,32.383331,32.100006,3207960
2014-09-11,32.116669,32.5,31.841667,32.483334,32.199135,3391080
2014-09-12,32.416668,32.700001,32.299999,32.641666,32.356087,2085960
2014-09-15,32.599998,32.700001,32.183334,32.416668,32.133049,1920240
2014-09-16,32.208332,32.741669,32.116669,32.358334,32.07523,1940520
2014-09-17,32.641666,32.741669,32.349998,32.391666,32.108273,1986360
2014-09-18,32.308334,32.366669,31.466667,31.65,31.373095,3131040
2014-09-19,31.725,31.808332,31.441668,31.674999,31.397873,3459360
2014-09-22,31.549999,31.549999,30.924999,31.216667,30.943552,2111880
2014-09-23,31.258333,31.416668,30.950001,30.966667,30.69574,2777640
2014-09-24,31.025,31.025,30.424999,30.858334,30.588354,3334800
2014-09-25,30.791668,30.799999,29.966667,30.441668,30.175333,4590960
2014-09-26,30.408333,30.991667,30.358334,30.866667,30.596613,2367120
2014-09-29,30.5,31.233334,30.433332,31.216667,30.943552,2594640
2014-09-30,31.049999,31.674999,31.016666,31.549999,31.273968,3937800
2014-10-01,31.5,31.633333,30.616667,30.700001,30.431406,3093840
2014-10-02,30.558332,30.641666,29.708332,30.1,29.836657,2757000
2014-10-03,30.191668,30.191668,29.5,29.616667,29.35755,2878080
2014-10-06,29.708332,29.9,29.416668,29.708332,29.448414,2068440
2014-10-07,29.475,29.6,28.866667,28.933332,28.680193,2395440
2014-10-08,28.816668,28.991667,28.066668,28.966667,28.71324,5197920
2014-10-09,28.75,28.758333,27.166668,27.283333,27.04463,5779080
2014-10-10,27.258333,27.683332,26.691668,27.075001,26.838123,3738960
2014-10-13,27.258333,27.716667,26.716667,26.775,26.540743,3437640
2014-10-14,26.941668,27.583332,26.450001,27.033333,26.796818,3839160
2014-10-15,26.549999,28.15,26.366667,28.058332,27.812849,6041040
2014-10-16,27.516666,29.366667,27.516666,28.758333,28.506727,4867440
2014-10-17,28.891666,29.358334,28.700001,28.983334,28.729757,4032000
2014-10-20,29.266666,29.716667,28.833332,28.958332,28.704975,3424920
2014-10-21,29.075001,29.6,29.041668,29.366667,29.109737,2600760
2014-10-22,29.5,29.716667,28.858334,28.891666,28.638895,2113440
2014-10-23,29.158333,29.475,28.883333,28.983334,28.729757,2674680
2014-10-24,28.816668,29.15,28.466667,28.9,28.647154,2719680
2014-10-27,28.466667,28.708332,28.1,28.525,28.275434,5081040
2014-10-28,28.041668,30.549999,27.816668,29.674999,29.415371,9478800
2014-10-29,30.033333,30.25,29.566668,30.008333,29.74579,3487920
2014-10-30,29.908333,30.108334,29.258333,29.9,29.638405,3039960
2014-10-31,29.808332,30.741667,29.458332,30.666668,30.398365,3330600
2014-11-03,30.941668,31.716667,30.674999,30.875,30.604876,3721320
2014-11-04,30.674999,31.591667,30.291668,31.458332,31.183104,4812480
2014-11-05,31.633333,33.0,31.141666,32.708332,32.422169,5397360
2014-11-06,32.758331,32.950001,32.308334,32.783333,32.548756,2814600
2014-11-07,32.858334,33.633331,32.816666,33.316666,33.078274,3319200
2014-11-10,33.516666,33.683334,32.308334,32.450001,32.217808,3971520
2014-11-11,32.341667,32.558334,31.9,32.483334,32.2509,2331480
2014-11-12,32.275002,32.983334,32.025002,32.858334,32.623222,4342200
2014-11-13,32.691666,32.858334,31.924999,32.325001,32.093704,4657560
2014-11-14,32.291668,33.049999,32.241669,33.0,32.763874,3104640
2014-11-17,32.791668,33.633331,32.583332,33.541668,33.301662,4738920
2014-11-18,33.299999,33.991669,33.299999,33.841667,33.599518,3894480
2014-11-19,33.633331,34.083332,33.366669,33.974998,33.731895,7432800
2014-11-20,33.950001,34.825001,33.775002,34.674999,34.426888,4110840
2014-11-21,35.166668,35.216667,34.099998,34.591667,34.344151,2988600
2014-11-24,34.608334,34.900002,33.941666,34.150002,33.905643,2445960
2014-11-25,34.224998,34.416668,33.349998,33.450001,33.210651,4632480
2014-11-26,33.466667,33.608334,33.075001,33.400002,33.161011,2977560
2014-11-28,32.200001,32.683334,31.9,32.608334,32.375011,3457080
2014-12-01,32.25,32.275002,30.908333,31.208332,30.985023,5281080
2014-12-02,31.049999,31.666668,30.575001,31.016666,30.794731,4390440
2014-12-03,31.049999,31.85,30.716667,31.408333,31.183596,2528880
2014-12-04,31.141666,31.433332,30.683332,30.766666,30.546518,4046760
2014-12-05,30.65,31.35,30.325001,30.666668,30.447237,3767880
2014-12-08,30.233334,30.408333,29.125,29.341667,29.131716,4165200
2014-12-09,28.841667,30.141666,28.816668,30.083332,29.868076,3995640
2014-12-10,29.65,29.700001,28.950001,29.133333,28.924873,3729960
2014-12-11,29.766666,30.083332,29.325001,29.424999,29.214451,6076920
2014-12-12,29.033333,29.608334,28.583332,28.608334,28.403631,3039720
2014-12-15,28.825001,29.008333,28.174999,28.291668,28.08923,3673560
2014-12-16,28.316668,28.991667,27.950001,28.075001,27.874115,3990120
2014-12-17,28.291668,29.433332,28.133333,29.083332,28.875229,3467880
2014-12-18,29.708332,29.833332,28.85,29.458332,29.247547,2577840
2014-12-19,29.516666,29.808332,28.125,29.066668,28.858685,5745840
2014-12-22,28.775,28.816668,27.825001,28.808332,28.602198,6621720
2014-12-23,28.566668,29.441668,28.533333,29.200001,28.991064,4674360
2014-12-24,29.141666,29.441668,29.091667,29.125,28.916599,1291200
2014-12-26,29.283333,29.558332,29.041668,29.191668,28.98279,1918920
2014-12-29,29.25,29.583332,29.1,29.183332,28.974514,2028240
2014-12-30,29.141666,29.174999,28.408333,28.408333,28.205061,2221680
2014-12-31,28.299999,28.475,28.049999,28.174999,27.973396,2163960
2015-01-02,28.174999,28.633333,27.991667,28.583332,28.378807,1802520
2015-01-05,28.291668,28.291668,26.841667,27.049999,26.856447,3357120
2015-01-06,27.033333,27.241667,25.858334,26.0,25.813959,4278840
2015-01-07,26.258333,26.416668,25.4,25.875,25.689854,5784480
2015-01-08,25.866667,26.416668,25.65,26.208332,26.020802,5507640
2015-01-09,26.133333,26.200001,25.391666,25.666668,25.483011,4648920
2015-01-12,25.25,25.441668,24.908333,25.308332,25.127243,3548640
2015-01-13,25.383333,25.441668,24.700001,25.308332,25.127243,5897760
2015-01-14,25.200001,25.858334,25.0,25.808332,25.623663,5311680
2015-01-15,25.791668,26.016666,25.016666,25.116667,24.936947,3718080
2015-01-16,25.241667,25.6,25.133333,25.216667,25.036232,2862720
2015-01-20,25.025,25.358334,24.716667,25.225,25.044506,4396440
2015-01-21,25.433332,26.033333,25.333332,26.025,25.838781,3200760
2015-01-22,26.225,26.225,25.408333,25.924999,25.739494,4120560
2015-01-23,25.758333,25.866667,25.158333,25.275,25.094145,3779160
2015-01-26,25.291668,25.941668,25.275,25.875,25.689854,2365080
2015-01-27,25.583332,25.775,25.216667,25.566668,25.383728,2643120
2015-01-28,25.4,25.483334,24.733334,24.825001,24.647367,4021560
2015-01-29,24.883333,25.0,24.008333,24.383333,24.20886,8234280
2015-01-30,24.166668,26.008333,23.758333,24.125,23.952375,8798280
2015-02-02,24.325001,25.291668,24.158333,25.216667,25.036232,5992080
2015-02-03,25.616667,26.991667,25.466667,26.883333,26.690971,6394560
2015-02-04,26.525,27.083332,25.883333,26.025,25.838781,6453600
2015-02-05,26.266666,26.616667,26.141666,26.491667,26.302109,2422800
2015-02-06,26.625,27.383333,26.466667,26.616667,26.426214,4091040
2015-02-09,26.625,27.683332,26.625,27.416668,27.220491,4657080
2015-02-10,27.375,27.5,26.841667,27.458332,27.26186,2847000
2015-02-11,27.200001,27.458332,26.808332,26.991667,26.798531,2593800
2015-02-12,27.35,27.5,27.083332,27.275,27.132608,2773200
2015-02-13,27.575001,28.075001,27.433332,28.0,27.853825,2663520
2015-02-17,27.816668,28.041668,27.316668,27.883333,27.737768,2026080
2015-02-18,27.633333,28.15,27.466667,27.841667,27.69632,3178440
2015-02-19,27.383333,28.358334,27.25,28.325001,28.177128,1948200
2015-02-20,28.375,28.541668,27.975,28.191668,28.044491,2511240
2015-02-23,27.791668,28.200001,27.575001,27.783333,27.638288,2767080
2015-02-24,27.991667,28.775,27.875,28.616667,28.467272,2325120
2015-02-25,28.608334,28.799999,28.291668,28.6,28.450693,1791240
2015-02-26,28.475,28.591667,26.799999,26.916668,26.776148,2989440
2015-02-27,27.1,27.166668,26.658333,26.833332,26.693249,2995080
2015-03-02,26.833332,26.841667,26.108334,26.233334,26.096382,6790080
2015-03-03,26.308332,26.525,26.016666,26.483334,26.345076,3692160
2015-03-04,26.266666,26.275,24.958332,25.241667,25.10989,5455440
2015-03-05,25.241667,25.341667,24.625,25.308332,25.17621,3962040
2015-03-06,25.15,25.516666,24.4,24.549999,24.421837,4358760
2015-03-09,24.491667,24.591667,23.441668,23.791668,23.667459,6858720
2015-03-10,23.450001,23.791668,23.308332,23.333332,23.211521,4763640
2015-03-11,23.333332,23.916668,23.049999,23.916668,23.791811,3822360
2015-03-12,22.525,23.416668,22.25,23.008333,22.888216,13734600
2015-03-13,22.741667,22.825001,21.833332,22.133333,22.017786,6304200
2015-03-16,22.049999,22.558332,21.758333,22.516666,22.399118,4358760
2015-03-17,22.433332,22.65,22.233334,22.5,22.382538,4536000
2015-03-18,23.008333,23.083332,22.083332,22.924999,22.805321,4752120
2015-03-19,22.525,23.316668,22.491667,23.25,23.128624,5637480
2015-03-20,23.475,23.549999,23.183332,23.491667,23.369028,5496000
2015-03-23,23.583332,23.991667,23.525,23.85,23.725489,2376360
2015-03-24,23.816668,24.008333,23.341667,23.583332,23.460215,2500320
2015-03-25,23.816668,24.333332,23.716667,24.183332,24.057083,4155960
2015-03-26,24.358334,24.5,22.833332,22.841667,22.722422,3939120
2015-03-27,22.541668,22.625,22.15,22.299999,22.18358,3758640
2015-03-30,22.4,23.475,22.4,23.275,23.153492,3704280
2015-03-31,22.983334,23.333332,22.924999,23.241667,23.120333,2572200
2015-04-01,23.191668,23.75,22.958332,23.108334,22.987696,2806080
2015-04-02,22.991667,24.408333,22.991667,24.241667,24.115112,3681120
2015-04-06,24.116667,24.141666,23.558332,23.9,23.775229,4262760
2015-04-07,24.066668,24.825001,23.966667,24.516666,24.388676,3073680
2015-04-08,24.658333,24.674999,23.908333,24.225,24.098532,2396160
2015-04-09,24.266666,24.5,23.174999,23.733334,23.609434,5412960
2015-04-10,23.741667,24.016666,23.316668,23.924999,23.800098,3124080
2015-04-13,24.049999,24.200001,23.341667,23.799999,23.675749,2724120
2015-04-14,23.775,23.966667,23.566668,23.666668,23.543114,5148840
2015-04-15,23.924999,25.775,23.875,25.65,25.516092,6833880
2015-04-16,25.508333,26.35,25.308332,25.950001,25.814528,5394480
2015-04-17,25.691668,26.141666,25.433332,25.950001,25.814528,4613160
2015-04-20,25.875,26.416668,25.016666,25.041668,24.910936,7805040
2015-04-21,25.041668,25.424999,24.475,24.575001,24.446707,4071360
2015-04-22,24.549999,25.158333,24.258333,25.016666,24.886066,3742320
2015-04-23,25.075001,25.633333,24.933332,25.566668,25.433197,2570520
2015-04-24,25.458332,25.741667,25.141666,25.166668,25.035284,2456520
2015-04-27,25.200001,25.258333,24.658333,24.9,24.770008,5389560
2015-04-28,25.291668,25.833332,23.791668,24.091667,23.965897,9807720
2015-04-29,24.116667,26.108334,24.1,25.725,25.5907,7068240
2015-04-30,25.741667,27.441668,25.225,27.066668,26.925365,8935320
2015-05-01,27.208332,27.791668,26.725,27.575001,27.431044,4578840
2015-05-04,27.533333,28.450001,27.516666,27.674999,27.530519,4923960
2015-05-05,27.883333,27.958332,26.808332,27.0,26.859047,5298960
2015-05-06,27.366667,27.791668,26.966667,27.541668,27.397884,4070760
2015-05-07,27.383333,27.408333,26.708332,26.933332,26.843895,2444040
2015-05-08,27.275,27.825001,26.75,27.783333,27.691076,3442920
2015-05-11,27.700001,27.808332,26.891666,26.916668,26.827288,3095880
2015-05-12,27.0,27.533333,26.966667,27.125,27.034927,1781400
2015-05-13,27.166668,27.266666,25.875,26.075001,25.988413,4207320
2015-05-14,26.266666,26.483334,25.933332,26.308332,26.22097,2493480
2015-05-15,26.266666,26.808332,26.008333,26.708332,26.619642,2660640
2015-05-18,26.716667,26.716667,25.875,26.141666,26.054859,2487600
2015-05-19,25.866667,26.491667,25.641666,25.691668,25.606354,2992320
2015-05-20,25.775,25.958332,25.225,25.9,25.813993,1762080
2015-05-21,26.1,26.833332,26.1,26.375,26.287416,2002200
2015-05-22,26.174999,26.441668,25.916668,26.241667,26.154528,1455960
2015-05-26,25.833332,25.875,24.741667,24.758333,24.676121,2734440
2015-05-27,24.666668,24.983334,24.375,24.616667,24.534924,2284440
2015-05-28,24.516666,24.516666,23.541668,23.75,23.671135,4443600
2015-05-29,23.783333,24.033333,23.183332,23.200001,23.122961,4400880
2015-06-01,23.174999,23.333332,22.741667,23.183332,23.106348,4062240
2015-06-02,23.291668,23.883333,23.075001,23.700001,23.621302,2979840
2015-06-03,23.65,23.825001,23.083332,23.191668,23.114656,2713560
2015-06-04,23.025,23.15,22.733334,22.816668,22.740902,5518800
2015-06-05,22.708332,23.216667,22.4,22.583332,22.508341,3292680
2015-06-08,22.674999,22.950001,22.35,22.85,22.774122,3834600
2015-06-09,23.058332,23.683332,23.041668,23.158333,23.081432,4220280
2015-06-10,23.316668,23.566668,22.783333,22.825001,22.749208,3459720
2015-06-11,22.825001,22.825001,21.825001,21.950001,21.877113,4247280
2015-06-12,21.808332,21.875,20.983334,21.049999,20.980101,4996680
2015-06-15,20.891666,21.458332,20.641666,20.958332,20.888737,4131720
2015-06-16,20.983334,21.108334,20.483334,20.666668,20.598042,3763560
2015-06-17,20.841667,21.008333,20.108334,20.758333,20.689402,5404080
2015-06-18,20.75,20.85,19.866667,20.141666,20.074781,3950880
2015-06-19,20.025,20.091667,19.508333,19.575001,19.509998,4995720
2015-06-22,19.666668,20.083332,19.516666,19.799999,19.734249,3897600
2015-06-23,19.783333,20.0,19.4,19.924999,19.858837,4955040
2015-06-24,19.924999,20.233334,19.475,19.516666,19.451857,5066160
2015-06-25,19.516666,19.575001,18.541668,18.983334,18.920298,7713120
2015-06-26,18.85,19.033333,18.525,18.658333,18.596375,5903520
2015-06-29,18.375,19.6,18.299999,18.358334,18.297371,8706240
2015-06-30,18.450001,18.6,17.866667,18.116667,18.056507,9749040
2015-07-01,18.041668,18.066668,16.9,17.441668,17.383749,9965520
2015-07-02,17.416668,18.366667,17.341667,18.158333,18.098036,9623520
2015-07-06,17.858334,18.216667,17.75,17.833332,17.774115,8179440
2015-07-07,17.641666,17.716667,16.841667,17.15,17.093052,8985360
2015-07-08,17.091667,17.225,16.541668,16.691668,16.63624,5605920
2015-07-09,16.908333,17.408333,16.866667,16.875,16.818964,7254600
2015-07-10,16.783333,17.041668,16.174999,16.366667,16.312319,4754760
2015-07-13,16.516666,16.683332,15.941667,16.591667,16.536572,4997160
2015-07-14,16.583332,17.091667,16.275,16.691668,16.63624,6388800
2015-07-15,16.75,16.866667,15.633333,15.775,15.722616,7489920
2015-07-16,15.833333,15.866667,15.125,15.166667,15.116303,6688800
2015-07-17,15.108333,15.166667,14.266667,14.341667,14.294044,13520400
2015-07-20,13.808333,14.4,12.891667,13.883333,13.837232,16852560
2015-07-21,14.191667,15.191667,14.141667,14.625,14.576435,10714440
2015-07-22,14.366667,14.691667,14.166667,14.491667,14.443544,10167480
2015-07-23,14.675,15.041667,14.625,14.866667,14.817299,13465920
2015-07-24,14.666667,14.825,14.35,14.7,14.651186,8541120
2015-07-27,14.433333,14.758333,14.208333,14.458333,14.410322,11484480
2015-07-28,13.858333,16.200001,13.483333,14.791667,14.742549,19093440
2015-07-29,14.708333,14.708333,13.541667,13.9,13.853843,10630320
2015-07-30,13.941667,14.158333,13.675,14.041667,13.99504,9399240
2015-07-31,14.0,14.108333,13.616667,13.766667,13.720953,5851080
2015-08-03,13.641667,13.666667,12.591667,12.716667,12.674439,7754280
2015-08-04,12.625,12.783333,11.35,12.05,12.009987,15956400
2015-08-05,12.358333,12.5,11.325,11.583333,11.544868,9579000
2015-08-06,11.4,12.025,11.316667,11.908333,11.877334,8945640
2015-08-07,11.808333,12.083333,10.891667,10.958333,10.929807,8039640
2015-08-10,10.991667,12.0,10.933333,11.55,11.519934,10085880
2015-08-11,11.233333,11.341667,10.741667,11.208333,11.179156,7784400
2015-08-12,11.283333,12.0,11.158333,11.833333,11.802528,8089920
2015-08-13,11.658333,11.808333,10.608333,10.791667,10.763575,9286080
2015-08-14,10.85,11.233333,10.716667,10.775,10.746951,4937880
2015-08-17,10.7,11.266667,10.691667,10.85,10.821756,5839440
2015-08-18,10.741667,10.808333,10.433333,10.691667,10.663835,5120520
2015-08-19,10.641667,11.083333,10.358333,10.475,10.447732,6453600
2015-08-20,10.483333,10.991667,10.341667,10.408333,10.381238,6551160
2015-08-21,10.325,10.891667,10.308333,10.508333,10.480979,8475120
2015-08-24,9.858333,10.408333,9.55,9.791667,9.766178,9269880
2015-08-25,10.358333,10.966667,9.991667,10.2,10.173448,10160880
2015-08-26,10.408333,10.633333,9.95,10.15,10.123577,10174200
2015-08-27,10.433333,11.958333,10.383333,11.55,11.519934,11952240
2015-08-28,11.433333,12.316667,11.316667,11.991667,11.96045,9167640
2015-08-31,11.816667,12.916667,11.616667,12.691667,12.658628,10999920
2015-09-01,12.191667,12.625,11.691667,11.875,11.844088,11677560
2015-09-02,12.058333,12.441667,11.266667,11.808333,11.777595,7955160
2015-09-03,11.758333,12.25,11.483333,11.858333,11.827463,5874960
2015-09-04,11.466667,11.575,10.908333,11.166667,11.137599,7336440
2015-09-08,11.441667,11.508333,11.108333,11.141667,11.112664,5330640
2015-09-09,11.258333,11.725,10.808333,11.125,11.09604,7721760
2015-09-10,11.116667,11.391667,10.816667,11.008333,10.979677,6843480
2015-09-11,10.875,11.058333,10.241667,10.441667,10.414486,10302000
2015-09-14,10.391667,10.625,10.125,10.491667,10.464355,5564400
2015-09-15,10.458333,10.966667,10.366667,10.866667,10.838379,5628240
2015-09-16,10.908333,11.575,10.833333,11.541667,11.511622,9382440
2015-09-17,11.483333,11.708333,11.233333,11.275,11.245648,7143000
2015-09-18,11.033333,11.075,10.733333,10.85,10.821756,11991600
2015-09-21,10.875,11.0,10.575,10.708333,10.680457,5819160
2015-09-22,10.491667,10.541667,9.75,10.041667,10.015528,5937720
2015-09-23,10.041667,10.091667,9.091667,9.175,9.151116,9107040
2015-09-24,9.0,9.2,8.65,9.066667,9.043065,8815200
2015-09-25,9.166667,9.2,8.55,8.7,8.677352,5901840
2015-09-28,8.566667,8.566667,8.008333,8.158333,8.137095,7481760
2015-09-29,8.141667,8.241667,7.741667,7.841667,7.821254,7825920
2015-09-30,7.975,8.316667,7.775,8.166667,8.145408,7985040
2015-10-01,8.266667,8.516667,7.233333,7.616667,7.596839,10555200
2015-10-02,7.458333,8.3,7.458333,8.208333,8.186966,9007800
2015-10-05,8.558333,9.1,8.341667,8.95,8.926702,15368520
2015-10-06,8.916667,9.433333,8.775,9.041667,9.01813,13244640
2015-10-07,9.325,9.958333,9.208333,9.425,9.400465,16880400
2015-10-08,9.308333,9.966667,9.083333,9.666667,9.641502,9052680
2015-10-09,9.791667,9.991667,9.533333,9.758333,9.73293,7855080
2015-10-12,9.725,9.725,9.125,9.6,9.57501,7690080
2015-10-13,9.45,9.816667,9.291667,9.475,9.450336,6223800
2015-10-14,9.55,9.65,9.2,9.233333,9.209297,7015080
2015-10-15,9.183333,9.7,9.091667,9.641667,9.616569,6108120
2015-10-16,9.658333,9.833333,8.75,9.166667,9.142805,8948520
2015-10-19,9.033333,9.2,8.683333,8.758333,8.735535,5196360
2015-10-20,8.691667,8.908333,8.416667,8.608333,8.585924,5846400
2015-10-21,8.6,8.633333,8.033333,8.041667,8.020734,6535440
2015-10-22,8.1,8.45,8.041667,8.275,8.253459,7875240
2015-10-23,8.291667,8.441667,7.716667,7.916667,7.896059,10256160
2015-10-26,7.833333,7.966667,7.358333,7.383333,7.364113,12712080
2015-10-27,6.991667,7.025,5.75,5.816667,5.801526,29660160
2015-10-28,5.916667,6.241667,5.791667,5.891667,5.87633,17541360
2015-10-29,5.883333,6.091667,5.625,5.641667,5.626981,15852480
2015-10-30,5.666667,5.725,5.316667,5.55,5.535553,18268920
2015-11-02,5.5,6.583333,5.491667,6.516667,6.499703,15548040
2015-11-03,6.208333,6.958333,6.166667,6.833333,6.815545,16152000
2015-11-04,6.825,7.166667,6.483333,6.766667,6.749052,13515960
2015-11-05,6.708333,7.208333,6.633333,7.041667,7.023336,14444640
2015-11-06,6.908333,7.05,6.666667,6.841667,6.823857,10754640
2015-11-09,6.708333,7.025,6.525,6.858333,6.848822,14041920
2015-11-10,6.766667,6.866667,6.6,6.808333,6.798891,9996120
2015-11-11,6.691667,6.808333,6.158333,6.308333,6.299584,12332040
2015-11-12,6.125,6.233333,5.891667,5.933333,5.925104,8976120
2015-11-13,5.983333,6.308333,5.741667,6.166667,6.158114,12137640
2015-11-16,6.475,6.658333,6.308333,6.633333,6.624134,12014760
2015-11-17,6.516667,6.633333,6.316667,6.416667,6.407768,10299480
2015-11-18,6.441667,6.958333,6.433333,6.908333,6.898752,12956520
2015-11-19,6.725,6.875,6.483333,6.525,6.515951,12174480
2015-11-20,6.525,6.591667,6.266667,6.558333,6.549237,9861840
2015-11-23,6.458333,6.833333,6.008333,6.116667,6.108184,12494400
2015-11-24,6.091667,6.416667,6.091667,6.266667,6.257976,9455280
2015-11-25,6.175,6.716667,6.083333,6.666667,6.657421,8040840
2015-11-27,6.6,6.666667,6.133333,6.233333,6.224688,5722800
2015-11-30,6.275,6.625,6.216667,6.566667,6.55756,20701800
2015-12-01,6.633333,7.258333,6.508333,7.208333,7.198336,15619200
2015-12-02,7.158333,7.633333,7.0,7.225,7.21498,17909040
2015-12-03,7.258333,7.416667,7.141667,7.241667,7.231624,11023200
2015-12-04,7.083333,7.125,6.4,6.433333,6.424411,12128640
2015-12-07,6.266667,6.266667,5.325,5.466667,5.459085,22837800
2015-12-08,5.3,5.916667,5.25,5.416667,5.409155,15718680
2015-12-09,5.541667,5.816667,5.391667,5.75,5.742025,19881000
2015-12-10,5.708333,6.575,5.708333,6.333333,6.32455,18163200
2015-12-11,6.191667,6.208333,5.716667,5.825,5.816921,14937600
2015-12-14,5.85,5.908333,5.291667,5.608333,5.600555,15833880
2015-12-15,5.75,5.966667,5.291667,5.45,5.442441,15072360
2015-12-16,5.475,5.825,5.358333,5.558333,5.550624,11004000
2015-12-17,5.625,5.85,5.4,5.75,5.742025,11269560
2015-12-18,5.825,6.2,5.75,6.15,6.141471,21354480
2015-12-21,6.158333,6.741667,6.158333,6.641667,6.632456,10744920
2015-12-22,6.641667,7.075,6.516667,6.725,6.715673,9093600
2015-12-23,6.9,7.183333,6.7,7.175,7.16505,8952480
2015-12-24,7.166667,7.391667,7.108333,7.208333,7.198336,4243320
2015-12-28,7.1,7.125,6.391667,6.558333,6.549237,10212480
2015-12-29,6.833333,6.916667,6.708333,6.866667,6.857143,6885600
2015-12-30,6.691667,6.858333,6.4,6.483333,6.474341,7413480
2015-12-31,6.475,6.625,6.4,6.583333,6.574203,5509680
2016-01-04,6.525,7.241667,6.416667,7.141667,7.131762,11055360
2016-01-05,7.091667,7.216667,6.716667,7.108333,7.098475,9345480
2016-01-06,6.766667,6.875,6.241667,6.316667,6.307907,15549600
2016-01-07,6.083333,6.216667,5.958333,6.058333,6.049931,9023280
2016-01-08,6.108333,6.55,6.083333,6.408333,6.399445,14772360
2016-01-11,6.316667,6.433333,5.608333,5.833333,5.825243,14731440
2016-01-12,5.925,5.933333,5.258333,5.583333,5.57559,12710640
2016-01-13,5.641667,5.708333,4.808333,5.041667,5.034675,15466800
2016-01-14,5.025,5.075,4.608333,4.683333,4.676838,18808680
2016-01-15,4.425,4.458333,4.066667,4.158333,4.152565,17532360
2016-01-19,4.225,4.566667,4.108333,4.291667,4.285715,13916040
2016-01-20,3.966667,4.35,3.783333,4.225,4.219141,10678560
2016-01-21,4.2,5.25,4.175,5.033333,5.026352,14402520
2016-01-22,5.183333,5.625,4.758333,5.133333,5.126214,15594240
2016-01-25,4.916667,5.233333,4.75,4.766667,4.760056,7802880
2016-01-26,4.883333,5.316667,4.625,5.208333,5.20111,8776680
2016-01-27,5.158333,5.916667,5.033333,5.6,5.592233,12059400
2016-01-28,5.925,5.925,5.416667,5.625,5.617199,10479360
2016-01-29,5.958333,7.15,5.891667,6.616667,6.60749,25970520
2016-02-01,6.366667,7.208333,6.233333,6.991667,6.98197,16435080
2016-02-02,6.633333,6.741667,6.391667,6.508333,6.499307,11865960
2016-02-03,6.641667,7.241667,6.216667,7.066667,7.056867,12927600
2016-02-04,7.166667,7.991667,7.058333,7.341667,7.331485,15689040
2016-02-05,7.166667,8.108333,7.133333,7.583333,7.572816,13885920
2016-02-08,7.4,7.6,6.883333,7.125,7.115119,13014000
2016-02-09,7.083333,7.258333,6.058333,6.275,6.266297,14320800
2016-02-10,6.833333,6.833333,5.983333,6.008333,6.0,12927720
2016-02-11,5.783333,6.141667,5.6,6.116667,6.116667,10133760
2016-02-12,6.291667,6.533333,5.95,6.491667,6.491667,9057480
2016-02-16,6.591667,6.658333,6.175,6.575,6.575,7511400
2016-02-17,6.666667,7.575,6.633333,7.391667,7.391667,11171880
2016-02-18,7.516667,7.7,6.85,7.025,7.025,10691520
2016-02-19,6.9,7.141667,6.416667,6.558333,6.558333,8204160
2016-02-22,6.758333,7.316667,6.708333,7.25,7.25,10006320
2016-02-23,7.341667,7.516667,6.508333,6.591667,6.591667,8571960
2016-02-24,6.383333,6.725,6.05,6.6,6.6,8982240
2016-02-25,6.558333,6.741667,6.1,6.375,6.375,17272800
2016-02-26,6.575,6.716667,6.283333,6.533333,6.533333,8670840
2016-02-29,7.125,7.283333,6.758333,7.191667,7.191667,12799680
2016-03-01,7.383333,7.766667,6.866667,7.541667,7.541667,13070040
2016-03-02,7.4,7.95,7.266667,7.875,7.875,14427000
2016-03-03,7.875,8.975,7.8,8.583333,8.583333,86523120
2016-03-04,8.775,9.583333,8.541667,8.816667,8.816667,19338120
2016-03-07,8.933333,9.725,8.933333,9.716667,9.716667,17217240
2016-03-08,9.5,9.525,8.633333,8.716667,8.716667,7998240
2016-03-09,8.875,9.283333,8.716667,9.191667,9.191667,7025160
2016-03-10,9.075,9.375,8.733333,9.241667,9.241667,6987600
2016-03-11,9.6,10.0,9.508333,9.75,9.75,9418920
2016-03-14,9.583333,10.1,9.35,9.9,9.9,8114040
2016-03-15,9.508333,9.75,9.158333,9.625,9.625,7724400
2016-03-16,9.408333,9.883333,9.341667,9.691667,9.691667,9752280
2016-03-17,9.883333,10.116667,9.566667,9.916667,9.916667,8022240
2016-03-18,10.016667,10.35,9.65,9.783333,9.783333,14757360
2016-03-21,9.775,10.033333,9.575,9.725,9.725,6132240
2016-03-22,9.6,10.083333,9.466667,10.025,10.025,4605360
2016-03-23,9.866667,10.0,8.658333,8.7,8.7,8421720
2016-03-24,8.558333,9.2,8.05,9.116667,9.116667,7643760
2016-03-28,9.091667,9.191667,8.683333,9.1,9.1,5527680
2016-03-29,8.75,9.25,8.65,9.216667,9.216667,7269600
2016-03-30,9.391667,9.633333,9.083333,9.466667,9.466667,9113280
2016-03-31,9.475,9.791667,9.341667,9.408333,9.408333,8500320
2016-04-01,9.05,9.191667,8.841667,8.991667,8.991667,8530560
2016-04-04,9.116667,9.55,8.891667,9.116667,9.116667,8182560
2016-04-05,8.958333,9.466667,8.775,9.116667,9.116667,8040240
2016-04-06,9.141667,9.458333,8.966667,9.233333,9.233333,5682960
2016-04-07,9.183333,9.475,9.108333,9.233333,9.233333,7694520
2016-04-08,9.575,10.091667,9.491667,9.883333,9.883333,6156720
2016-04-11,9.983333,10.475,9.925,10.4,10.4,5987160
2016-04-12,10.55,11.391667,10.55,11.275,11.275,8643360
2016-04-13,11.383333,11.666667,10.891667,11.441667,11.441667,9302040
2016-04-14,11.508333,11.583333,10.691667,10.766667,10.766667,11188920
2016-04-15,10.625,10.966667,10.433333,10.658333,10.658333,9086760
2016-04-18,10.333333,11.025,10.1,10.766667,10.766667,6089760
2016-04-19,11.041667,11.533333,11.0,11.108333,11.108333,5655840
2016-04-20,11.133333,12.008333,11.025,11.525,11.525,10615320
2016-04-21,11.725,11.775,10.808333,10.883333,10.883333,8884080
2016-04-22,11.091667,11.816667,10.975,11.3,11.3,9087480
2016-04-25,11.333333,11.391667,10.783333,10.916667,10.916667,8925240
2016-04-26,11.058333,11.8,10.241667,11.8,11.8,12009120
2016-04-27,11.908333,13.416667,11.883333,13.075,13.075,17073240
2016-04-28,13.066667,13.666667,12.541667,12.633333,12.633333,9479160
2016-04-29,12.875,13.241667,12.216667,12.541667,12.541667,9243360
2016-05-02,12.583333,12.933333,12.091667,12.85,12.85,7125240
2016-05-03,12.508333,12.608333,12.033333,12.183333,12.183333,6054240
2016-05-04,12.341667,13.008333,11.675,12.15,12.15,8606400
2016-05-05,12.791667,12.808333,11.941667,12.225,12.225,6901560
2016-05-06,11.891667,12.475,11.8,12.408333,12.408333,7323480
2016-05-09,12.075,12.2,11.4,11.5,11.5,6572880
2016-05-10,11.675,12.3,11.458333,12.283333,12.283333,6387120
2016-05-11,12.091667,13.033333,11.991667,12.691667,12.691667,9285000
2016-05-12,12.916667,12.916667,11.941667,12.008333,12.008333,7921800
2016-05-13,11.866667,12.383333,11.766667,11.933333,11.933333,5152200
2016-05-16,12.141667,12.45,11.675,11.7,11.7,7422000
2016-05-17,11.883333,12.383333,11.683333,12.066667,12.066667,6810960
2016-05-18,12.0,12.225,11.233333,11.25,11.25,7819080
2016-05-19,10.966667,11.225,10.516667,10.975,10.975,9301440
2016-05-20,11.008333,11.2,10.908333,10.975,10.975,7311840
2016-05-23,10.883333,11.55,10.575,11.25,11.25,6108840
2016-05-24,11.375,11.766667,11.083333,11.658333,11.658333,7647000
2016-05-25,11.725,12.391667,11.716667,12.358333,12.358333,6156840
2016-05-26,12.491667,12.683333,12.308333,12.516667,12.516667,9466440
2016-05-27,12.433333,13.008333,12.308333,12.375,12.375,6389160
2016-05-31,12.416667,13.116667,12.375,12.8,12.8,8627280
2016-06-01,12.658333,12.958333,12.316667,12.916667,12.916667,6358080
2016-06-02,12.625,12.708333,12.408333,12.591667,12.591667,7797480
2016-06-03,12.758333,13.1,12.633333,13.05,13.05,5337240
2016-06-06,13.075,13.125,12.708333,12.858333,12.858333,6630600
2016-06-07,12.916667,13.033333,12.708333,12.8,12.8,5669040
2016-06-08,12.991667,13.283333,12.508333,12.558333,12.558333,9568800
2016-06-09,12.35,12.375,11.85,12.216667,12.216667,7493280
2016-06-10,11.975,12.108333,11.0,11.15,11.15,10425480
2016-06-13,10.966667,11.591667,10.925,11.358333,11.358333,5756280
2016-06-14,11.191667,11.508333,10.833333,11.066667,11.066667,4938960
2016-06-15,11.066667,11.591667,10.8,11.25,11.25,5312160
2016-06-16,11.15,11.316667,10.725,11.25,11.25,5690760
2016-06-17,11.416667,12.283333,11.416667,11.916667,11.916667,10417920
2016-06-20,12.325,12.5,12.075,12.291667,12.291667,7666680
2016-06-21,12.191667,12.516667,12.058333,12.425,12.425,4761840
2016-06-22,12.525,12.725,12.275,12.283333,12.283333,4949640
2016-06-23,12.491667,12.916667,12.4,12.908333,12.908333,4683000
2016-06-24,12.308333,12.416667,11.941667,12.15,12.15,4954920
2016-06-27,11.925,11.95,11.133333,11.358333,11.358333,6615960
2016-06-28,11.783333,12.75,11.775,12.633333,12.633333,5544000
2016-06-29,12.875,13.616667,12.808333,13.258333,13.258333,9618600
2016-06-30,13.325,13.45,13.091667,13.408333,13.408333,5582040
2016-07-01,13.166667,13.816667,13.033333,13.666667,13.666667,5014560
2016-07-05,13.275,13.333333,12.525,13.183333,13.183333,6749760
2016-07-06,12.991667,13.883333,12.9,13.808333,13.808333,11376000
2016-07-07,13.966667,14.083333,13.166667,13.3,13.3,4745880
2016-07-08,13.525,13.85,13.375,13.533333,13.533333,4493520
2016-07-11,13.641667,13.85,13.508333,13.641667,13.641667,3553200
2016-07-12,13.916667,14.408333,13.916667,14.15,14.15,4194840
2016-07-13,14.2,14.241667,13.741667,13.925,13.925,3244680
2016-07-14,14.166667,14.366667,13.925,13.966667,13.966667,3534120
2016-07-15,14.025,14.425,13.958333,14.325,14.325,3874560
2016-07-18,14.133333,14.316667,14.05,14.141667,14.141667,4640040
2016-07-19,14.066667,14.125,13.733333,13.841667,13.841667,3815040
2016-07-20,13.675,14.325,13.55,14.216667,14.216667,8429040
2016-07-21,14.391667,14.4,13.966667,14.133333,14.133333,4215720
2016-07-22,14.183333,14.241667,13.908333,14.2,14.2,4573920
2016-07-25,14.091667,14.441667,14.008333,14.308333,14.308333,7386000
2016-07-26,14.225,15.383333,13.983333,15.291667,15.291667,7702200
2016-07-27,15.433333,16.35,15.025,15.741667,15.741667,8844720
2016-07-28,15.741667,16.183332,15.691667,15.975,15.975,7278960
2016-07-29,16.0,16.200001,15.783333,16.15,16.15,3903120
2016-08-01,16.033333,16.066668,15.425,15.433333,15.433333,5018520
2016-08-02,15.741667,15.858333,15.016667,15.333333,15.333333,5620680
2016-08-03,15.416667,15.691667,15.166667,15.683333,15.683333,3754680
2016-08-04,15.6,16.008333,15.558333,15.783333,15.783333,3544320
2016-08-05,15.941667,16.0,15.741667,15.875,15.875,3348960
2016-08-08,16.008333,16.200001,15.783333,15.8,15.8,5113920
2016-08-09,15.916667,15.958333,15.391667,15.408333,15.408333,3257040
2016-08-10,15.55,15.575,14.833333,14.858333,14.858333,5114280
2016-08-11,15.0,15.208333,14.766667,14.8,14.8,4500720
2016-08-12,14.908333,15.041667,14.283333,14.358333,14.358333,3718440
2016-08-15,14.625,15.225,14.466667,14.941667,14.941667,6540480
2016-08-16,14.966667,15.091667,14.6,14.883333,14.883333,4237200
2016-08-17,14.808333,15.05,14.566667,15.05,15.05,4088520
2016-08-18,15.166667,15.566667,15.116667,15.283333,15.283333,3832080
2016-08-19,15.083333,15.083333,14.5,14.55,14.55,5731440
2016-08-22,14.333333,14.775,14.275,14.591667,14.591667,5301240
2016-08-23,14.566667,15.016667,14.425,14.95,14.95,3406320
2016-08-24,14.925,15.275,14.683333,14.741667,14.741667,2948520
2016-08-25,14.725,15.033333,14.625,15.008333,15.008333,3204000
2016-08-26,15.108333,15.5,14.958333,15.108333,15.108333,4572840
2016-08-29,15.058333,15.533333,14.966667,15.45,15.45,2945040
2016-08-30,15.6,15.9,15.25,15.4,15.4,3679080
2016-08-31,15.25,15.475,15.041667,15.2,15.2,3555480
2016-09-01,15.158333,15.325,14.966667,15.158333,15.158333,2759280
2016-09-02,15.416667,15.708333,15.25,15.308333,15.308333,2986080
2016-09-06,15.533333,16.049999,15.291667,16.033333,16.033333,4030680
2016-09-07,16.091667,16.466667,15.466667,15.516667,15.516667,4616760
2016-09-08,15.675,15.816667,15.383333,15.783333,15.783333,5409720
2016-09-09,15.516667,15.516667,14.683333,14.833333,14.833333,7044240
2016-09-12,14.683333,14.95,14.291667,14.591667,14.591667,6777840
2016-09-13,14.291667,14.325,12.841667,13.333333,13.333333,13445760
2016-09-14,13.383333,13.633333,13.125,13.258333,13.258333,5078160
2016-09-15,13.0,14.2,13.0,13.841667,13.841667,8838000
2016-09-16,13.675,13.975,13.483333,13.7,13.7,16456800
2016-09-19,14.0,14.15,13.816667,13.825,13.825,4259760
2016-09-20,13.966667,14.358333,13.783333,14.166667,14.166667,5145360
2016-09-21,14.358333,14.95,14.341667,14.791667,14.791667,7892280
2016-09-22,15.008333,15.283333,14.583333,14.641667,14.641667,5818800
2016-09-23,14.525,14.733333,14.316667,14.5,14.5,3838680
2016-09-26,14.533333,15.375,14.5,15.141667,15.141667,5005560
2016-09-27,14.808333,15.258333,14.525,15.233333,15.233333,4435440
2016-09-28,15.325,16.208332,15.325,16.033333,16.033333,8154960
2016-09-29,15.933333,16.049999,15.291667,15.633333,15.633333,6168720
2016-09-30,15.791667,16.125,15.641667,16.0,16.0,4590960
2016-10-03,16.083332,16.275,15.883333,16.216667,16.216667,4951080
2016-10-04,16.133333,16.566668,16.016666,16.366667,16.366667,5725560
2016-10-05,16.616667,17.049999,16.541668,16.625,16.625,6782760
2016-10-06,16.641666,16.916668,16.375,16.841667,16.841667,4131000
2016-10-07,16.916668,16.983334,16.508333,16.683332,16.683332,3188520
2016-10-10,17.033333,17.216667,16.833332,16.883333,16.883333,2793240
2016-10-11,16.816668,16.883333,16.341667,16.408333,16.408333,6225720
2016-10-12,16.291668,16.608334,15.916667,16.433332,16.433332,3695280
2016-10-13,16.116667,16.700001,15.783333,16.541668,16.541668,3484920
2016-10-14,16.700001,16.708332,15.575,15.583333,15.583333,3886680
2016-10-17,15.575,15.766667,15.35,15.375,15.375,4978920
2016-10-18,15.691667,15.716667,15.241667,15.525,15.525,4816200
2016-10-19,15.6,15.633333,14.958333,15.0,15.0,4118520
2016-10-20,14.825,15.15,14.658333,15.083333,15.083333,5482800
2016-10-21,14.925,14.925,14.383333,14.508333,14.508333,4572480
2016-10-24,14.7,14.7,13.691667,13.991667,13.991667,6409680
2016-10-25,14.133333,14.425,13.991667,14.166667,14.166667,3995520
2016-10-26,14.016667,14.2,13.5,13.65,13.65,4871760
2016-10-27,13.708333,13.983333,13.45,13.908333,13.908333,4112280
2016-10-28,13.775,14.425,13.758333,14.033333,14.033333,4239840
2016-10-31,14.258333,14.383333,13.758333,14.125,14.125,7922520
2016-11-01,13.991667,15.641667,13.991667,15.358333,15.358333,12317760
2016-11-02,15.158333,15.183333,13.8,14.033333,14.033333,6046080
2016-11-03,14.141667,14.291667,13.733333,13.85,13.85,4936680
2016-11-04,13.866667,14.425,13.7,14.0,14.0,5776920
2016-11-07,14.266667,14.366667,14.1,14.275,14.275,2818920
2016-11-08,14.125,14.566667,14.033333,14.141667,14.141667,6096480
2016-11-09,15.55,16.424999,14.508333,15.416667,15.416667,12940680
2016-11-10,15.833333,16.108334,14.391667,14.691667,14.691667,7534200
2016-11-11,14.808333,15.05,14.408333,15.0,15.0,5352120
2016-11-14,15.1,15.491667,15.083333,15.358333,15.358333,4930800
2016-11-15,15.158333,15.6,15.083333,15.308333,15.308333,4936680
2016-11-16,15.183333,15.458333,15.0,15.4,15.4,4340760
2016-11-17,15.516667,15.8,14.883333,15.075,15.075,3699120
2016-11-18,15.183333,15.466667,15.108333,15.366667,15.366667,4935360
2016-11-21,15.791667,16.025,15.633333,15.916667,15.916667,3924360
2016-11-22,16.166668,16.433332,15.875,16.383333,16.383333,3684480
2016-11-23,16.25,16.658333,16.174999,16.533333,16.533333,3030960
2016-11-25,16.458332,16.508333,16.258333,16.366667,16.366667,1221600
2016-11-28,16.483334,16.658333,16.091667,16.450001,16.450001,3407520
2016-11-29,16.1,17.291668,15.891667,16.866667,16.866667,7092720
2016-11-30,17.483334,17.674999,16.883333,17.15,17.15,6045720
2016-12-01,17.716667,17.716667,16.674999,16.833332,16.833332,3368400
2016-12-02,16.708332,17.483334,16.708332,17.408333,17.408333,4829040
2016-12-05,17.75,18.216667,17.541668,17.975,17.975,5760240
2016-12-06,17.825001,18.049999,17.708332,18.008333,18.008333,2856720
2016-12-07,18.141666,18.591667,17.975,18.375,18.375,4887840
2016-12-08,18.575001,18.616667,17.933332,18.15,18.15,5519400
2016-12-09,18.133333,18.225,17.383333,17.75,17.75,6543840
2016-12-12,18.075001,18.075001,16.533333,16.591667,16.591667,5214960
2016-12-13,16.866667,16.958332,15.85,16.275,16.275,4511160
2016-12-14,16.216667,16.483334,15.925,15.941667,15.941667,6137280
2016-12-15,15.775,16.208332,15.625,16.191668,16.191668,5194080
2016-12-16,16.174999,16.458332,15.908333,16.008333,16.008333,5595240
2016-12-19,15.925,16.216667,15.516667,15.633333,15.633333,3876360
2016-12-20,15.666667,15.841667,15.566667,15.716667,15.716667,4318800
2016-12-21,15.916667,16.200001,15.741667,16.041668,16.041668,3883320
2016-12-22,15.925,16.033333,15.733333,15.916667,15.916667,4440720
2016-12-23,15.866667,16.166668,15.7,16.041668,16.041668,2791800
2016-12-27,16.083332,16.308332,15.991667,16.091667,16.091667,1442640
2016-12-28,16.091667,16.275,15.833333,15.941667,15.941667,3758400
2016-12-29,15.908333,16.025,15.475,15.591667,15.591667,2560680
2016-12-30,15.558333,15.7,15.15,15.191667,15.191667,3480000
2017-01-03,15.058333,15.475,14.183333,14.508333,14.508333,7125720
2017-01-04,14.508333,15.333333,14.508333,15.283333,15.283333,6141960
2017-01-05,15.283333,15.608333,15.208333,15.591667,15.591667,4021080
2017-01-06,15.583333,15.658333,15.325,15.391667,15.391667,3152160
2017-01-09,15.208333,15.333333,14.958333,14.975,14.975,4815000
2017-01-10,15.191667,15.65,15.058333,15.466667,15.466667,2619960
2017-01-11,15.491667,15.575,15.15,15.358333,15.358333,3149760
2017-01-12,15.491667,15.491667,15.141667,15.375,15.375,1805040
2017-01-13,15.466667,15.683333,15.25,15.533333,15.533333,2060160
2017-01-17,15.625,15.683333,15.175,15.175,15.175,2734440
2017-01-18,15.041667,15.583333,14.808333,15.3,15.3,3931080
2017-01-19,15.216667,15.408333,15.083333,15.275,15.275,1802520
2017-01-20,15.416667,15.433333,15.108333,15.233333,15.233333,2179320
2017-01-23,15.25,15.525,15.183333,15.45,15.45,3669600
2017-01-24,15.625,16.466667,15.466667,16.258333,16.258333,3525840
2017-01-25,16.299999,16.458332,16.125,16.283333,16.283333,2378640
2017-01-26,16.283333,16.466667,16.0,16.091667,16.091667,2033280
2017-01-27,15.816667,15.983333,15.583333,15.833333,15.833333,2275200
2017-01-30,15.608333,15.608333,14.775,15.25,15.25,6197880
2017-01-31,14.725,15.016667,13.441667,14.116667,14.116667,12608520
2017-02-01,14.25,14.366667,13.683333,14.091667,14.091667,5682120
2017-02-02,14.041667,14.241667,13.825,13.958333,13.958333,5085120
2017-02-03,13.975,14.45,13.958333,14.3,14.3,6511080
2017-02-06,14.141667,14.433333,14.083333,14.391667,14.391667,6859560
2017-02-07,14.533333,14.875,14.341667,14.658333,14.658333,5535120
2017-02-08,14.55,14.675,14.308333,14.433333,14.433333,4246320
2017-02-09,14.433333,14.6,14.35,14.425,14.425,3288600
2017-02-10,14.55,14.658333,14.108333,14.183333,14.183333,3409920
2017-02-13,14.141667,14.341667,14.066667,14.166667,14.166667,4947000
2017-02-14,14.208333,14.475,13.991667,14.441667,14.441667,4159560
2017-02-15,14.425,14.425,14.116667,14.225,14.225,3290520
2017-02-16,14.2,14.291667,14.133333,14.191667,14.191667,5487600
2017-02-17,14.175,14.333333,14.075,14.116667,14.116667,5370960
2017-02-21,14.2,14.25,13.9,14.191667,14.191667,8052960
2017-02-22,14.125,14.233333,14.0,14.2,14.2,7949040
2017-02-23,14.391667,14.416667,13.6,13.616667,13.616667,7427280
2017-02-24,13.433333,13.658333,13.108333,13.15,13.15,4950360
2017-02-27,12.991667,13.375,12.966667,13.1,13.1,3482640
2017-02-28,13.058333,13.233333,12.808333,12.975,12.975,5349840
2017-03-01,13.158333,13.391667,13.116667,13.375,13.375,5813880
2017-03-02,13.3,13.366667,12.9,12.908333,12.908333,4604400
2017-03-03,12.95,12.966667,12.683333,12.875,12.875,4652400
2017-03-06,12.833333,13.1,12.808333,13.083333,13.083333,2465280
2017-03-07,13.083333,13.108333,12.775,12.825,12.825,2001120
2017-03-08,12.833333,12.983333,12.358333,12.433333,12.433333,5618640
2017-03-09,12.375,12.8,12.3,12.791667,12.791667,4569120
2017-03-10,12.833333,12.975,12.425,12.658333,12.658333,4071480
2017-03-13,12.683333,12.933333,12.633333,12.791667,12.791667,2500200
2017-03-14,12.658333,12.658333,12.291667,12.591667,12.591667,2870640
2017-03-15,12.725,13.125,12.666667,13.058333,13.058333,3239280
2017-03-16,13.141667,13.275,12.675,12.675,12.675,2475600
2017-03-17,12.691667,12.883333,12.508333,12.583333,12.583333,6101760
2017-03-20,12.591667,13.15,12.416667,13.108333,13.108333,3349800
2017-03-21,13.191667,13.325,12.641667,12.808333,12.808333,4381320
2017-03-22,12.741667,13.141667,12.716667,12.8,12.8,3245880
2017-03-23,12.825,13.183333,12.7,13.083333,13.083333,5164200
2017-03-24,13.075,13.375,12.975,13.091667,13.091667,4760040
2017-03-27,12.908333,13.033333,12.633333,13.016667,13.016667,3180360
2017-03-28,13.041667,13.391667,12.85,13.333333,13.333333,3339960
2017-03-29,13.433333,13.75,13.358333,13.7,13.7,2650920
2017-03-30,13.766667,13.85,13.458333,13.508333,13.508333,4107960
2017-03-31,13.5,14.05,13.5,13.983333,13.983333,3989520
2017-04-03,14.016667,14.141667,13.591667,14.0,14.0,4110120
2017-04-04,14.1,14.525,13.966667,14.391667,14.391667,4865520
2017-04-05,14.5,14.591667,13.816667,13.85,13.85,3855720
2017-04-06,13.966667,14.333333,13.916667,14.216667,14.216667,2705760
2017-04-07,14.241667,14.391667,14.116667,14.191667,14.191667,3347400
2017-04-10,14.258333,14.341667,14.183333,14.275,14.275,2104080
2017-04-11,14.258333,14.258333,13.9,14.025,14.025,6424680
2017-04-12,13.941667,13.983333,13.533333,13.566667,13.566667,3285240
2017-04-13,13.583333,13.658333,13.2,13.225,13.225,2171400
2017-04-17,13.191667,13.408333,13.108333,13.341667,13.341667,2756760
2017-04-18,13.0,13.308333,12.958333,13.15,13.15,2243400
2017-04-19,13.208333,13.258333,12.858333,12.883333,12.883333,2132160
2017-04-20,12.9,13.066667,12.758333,12.833333,12.833333,3455040
2017-04-21,12.833333,12.925,12.641667,12.791667,12.791667,2809320
2017-04-24,12.925,13.008333,12.691667,12.833333,12.833333,4727520
2017-04-25,12.933333,13.316667,12.791667,13.258333,13.258333,4741560
2017-04-26,13.116667,13.675,13.1,13.191667,13.191667,5376840
2017-04-27,13.083333,13.125,12.583333,12.808333,12.808333,2495400
2017-04-28,12.916667,13.0,12.55,12.65,12.65,6134880
2017-05-01,12.583333,12.933333,12.466667,12.925,12.925,3830280
2017-05-02,12.983333,13.708333,12.983333,13.45,13.45,5479320
2017-05-03,13.4,13.566667,13.0,13.233333,13.233333,4606320
2017-05-04,13.116667,13.116667,12.325,12.4,12.4,4799160
2017-05-05,12.525,13.125,12.458333,13.116667,13.116667,4182960
2017-05-08,13.05,13.641667,13.041667,13.575,13.575,5691360
2017-05-09,13.625,13.658333,13.041667,13.075,13.075,4351320
2017-05-10,13.216667,13.625,13.075,13.508333,13.508333,3661560
2017-05-11,13.55,13.566667,13.208333,13.475,13.475,3477000
2017-05-12,13.475,13.683333,13.475,13.541667,13.541667,1779240
2017-05-15,13.816667,13.975,13.466667,13.541667,13.541667,4839960
2017-05-16,13.675,13.675,13.466667,13.516667,13.516667,2608680
2017-05-17,13.516667,13.516667,12.95,12.95,12.95,3393720
2017-05-18,12.841667,13.308333,12.616667,13.241667,13.241667,3634920
2017-05-19,13.391667,13.583333,13.333333,13.4,13.4,2488200
2017-05-22,13.566667,13.65,13.191667,13.366667,13.366667,3060240
2017-05-23,13.475,13.708333,13.358333,13.691667,13.691667,3438000
2017-05-24,13.658333,13.825,13.583333,13.666667,13.666667,2845800
2017-05-25,13.633333,13.991667,13.116667,13.291667,13.291667,3238080
2017-05-26,13.325,13.366667,12.808333,12.816667,12.816667,3590400
2017-05-30,12.675,12.708333,12.258333,12.408333,12.408333,4750080
2017-05-31,12.191667,12.366667,11.816667,12.091667,12.091667,4466160
2017-06-01,12.133333,12.35,12.058333,12.316667,12.316667,3502560
2017-06-02,12.241667,12.333333,11.85,11.883333,11.883333,2892600
2017-06-05,11.808333,12.066667,11.741667,11.791667,11.791667,2526000
2017-06-06,11.791667,12.091667,11.658333,12.041667,12.041667,2206440
2017-06-07,11.916667,12.15,11.741667,11.841667,11.841667,2311920
2017-06-08,11.741667,12.15,11.741667,12.05,12.05,2714280
2017-06-09,12.075,12.483333,12.075,12.308333,12.308333,3956160
2017-06-12,12.416667,12.608333,12.333333,12.466667,12.466667,3491160
2017-06-13,12.533333,13.0,12.483333,12.908333,12.908333,2704920
2017-06-14,12.866667,12.875,12.366667,12.475,12.475,2153760
2017-06-15,12.316667,12.616667,12.266667,12.341667,12.341667,1996200
2017-06-16,12.383333,12.4,11.816667,12.075,12.075,4398120
2017-06-19,12.133333,12.3,11.983333,12.025,12.025,4215240
2017-06-20,11.766667,11.866667,11.5,11.841667,11.841667,4531200
2017-06-21,11.783333,11.908333,11.291667,11.341667,11.341667,6664320
2017-06-22,11.391667,11.583333,11.341667,11.35,11.35,3283680
2017-06-23,11.466667,11.841667,11.35,11.791667,11.791667,5070000
2017-06-26,11.691667,12.425,11.6,12.191667,12.191667,3754080
2017-06-27,12.308333,12.5,12.133333,12.133333,12.133333,3116640
2017-06-28,12.241667,12.875,12.241667,12.575,12.575,4023960
2017-06-29,12.675,13.025,12.558333,12.758333,12.758333,4701120
2017-06-30,12.825,12.908333,12.141667,12.45,12.45,4558920
2017-07-03,12.466667,12.95,12.358333,12.841667,12.841667,2000280
2017-07-05,12.725,12.775,12.391667,12.425,12.425,2998680
2017-07-06,12.433333,12.591667,12.241667,12.275,12.275,3489240
2017-07-07,12.233333,12.275,11.941667,12.125,12.125,2719080
2017-07-10,12.058333,12.483333,11.983333,12.441667,12.441667,2039520
2017-07-11,12.525,13.258333,12.275,13.175,13.175,4745160
2017-07-12,13.4,13.458333,12.95,12.991667,12.991667,2916480
2017-07-13,12.933333,13.125,12.683333,13.116667,13.116667,3345240
2017-07-14,13.108333,13.308333,13.0,13.141667,13.141667,4081800
2017-07-17,13.158333,13.408333,12.975,13.041667,13.041667,1992120
2017-07-18,13.116667,13.175,12.933333,13.0,13.0,2206320
2017-07-19,13.041667,13.883333,13.0,13.825,13.825,3703080
2017-07-20,13.75,13.9,13.483333,13.516667,13.516667,2706720
2017-07-21,13.491667,13.616667,13.141667,13.275,13.275,4596360
2017-07-24,13.358333,13.65,13.183333,13.441667,13.441667,2782320
2017-07-25,13.725,14.15,13.716667,14.066667,14.066667,3785760
2017-07-26,14.166667,14.166667,13.883333,13.925,13.925,2663520
2017-07-27,13.925,14.141667,13.783333,14.141667,14.141667,2737440
2017-07-28,14.091667,14.325,13.991667,14.091667,14.091667,4863120
2017-07-31,14.058333,14.15,13.675,13.966667,13.966667,3059160
2017-08-01,14.066667,14.083333,12.625,12.883333,12.883333,6661440
2017-08-02,12.841667,13.083333,12.716667,12.875,12.875,5181720
2017-08-03,12.833333,12.975,12.416667,12.458333,12.458333,4380960
2017-08-04,12.575,12.983333,12.483333,12.95,12.95,2953320
2017-08-07,12.841667,12.95,12.558333,12.833333,12.833333,3872160
2017-08-08,12.508333,13.058333,12.508333,12.791667,12.791667,2939760
2017-08-09,12.841667,12.9,12.658333,12.875,12.875,2603640
2017-08-10,12.883333,13.075,12.575,12.591667,12.591667,2175720
2017-08-11,12.375,12.583333,12.333333,12.5,12.5,1804920
2017-08-14,12.5,12.608333,12.016667,12.016667,12.016667,3944760
2017-08-15,12.016667,12.158333,11.866667,12.1,12.1,4163520
2017-08-16,12.15,12.3,11.858333,11.908333,11.908333,5467560
2017-08-17,11.8,12.191667,11.725,11.725,11.725,4883520
2017-08-18,11.725,12.158333,11.575,11.875,11.875,3496320
2017-08-21,11.875,12.05,11.766667,11.9,11.9,7547640
2017-08-22,11.983333,12.075,11.808333,11.975,11.975,8152920
2017-08-23,11.966667,12.133333,11.858333,12.016667,12.016667,4058040
2017-08-24,11.966667,12.183333,11.908333,12.083333,12.083333,7551480
2017-08-25,12.133333,12.341667,11.916667,12.2,12.2,4023840
2017-08-28,12.225,12.308333,12.033333,12.075,12.075,2581680
2017-08-29,11.916667,12.158333,11.866667,12.075,12.075,2527440
2017-08-30,11.991667,12.016667,11.841667,11.95,11.95,3401520
2017-08-31,12.033333,12.308333,11.991667,12.125,12.125,3178680
2017-09-01,12.166667,12.383333,12.1,12.316667,12.316667,3114240
2017-09-05,12.433333,12.6,11.908333,11.916667,11.916667,6581040
2017-09-06,12.025,12.1,11.858333,11.991667,11.991667,4242120
2017-09-07,11.916667,12.1,11.75,12.0,12.0,3089520
2017-09-08,11.816667,12.066667,11.725,11.841667,11.841667,4840200
2017-09-11,12.0,12.325,11.983333,12.2,12.2,6950400
2017-09-12,12.266667,12.825,12.216667,12.791667,12.791667,4363200
2017-09-13,12.808333,13.091667,12.75,12.916667,12.916667,3624360
2017-09-14,12.916667,13.283333,12.916667,13.05,13.05,6266640
2017-09-15,13.0,13.125,12.916667,13.066667,13.066667,8863800
2017-09-18,13.041667,13.266667,12.991667,13.216667,13.216667,3847680
2017-09-19,13.233333,13.383333,13.091667,13.3,13.3,2807040
2017-09-20,13.333333,13.633333,13.308333,13.6,13.6,3658320
2017-09-21,13.466667,13.5,13.275,13.375,13.375,2641080
2017-09-22,13.291667,13.575,13.258333,13.558333,13.558333,1892880
2017-09-25,13.691667,14.1,13.683333,13.933333,13.933333,3403800
2017-09-26,13.983333,14.166667,13.858333,14.1,14.1,2530680
2017-09-27,14.2,14.25,13.841667,14.116667,14.116667,2379480
2017-09-28,13.991667,14.15,13.583333,13.725,13.725,3171000
2017-09-29,13.708333,14.125,13.625,14.116667,14.116667,3722280
2017-10-02,13.816667,14.166667,13.816667,14.091667,14.091667,3073440
2017-10-03,14.125,14.166667,13.808333,13.983333,13.983333,2892960
2017-10-04,14.025,14.116667,13.808333,13.85,13.85,2566440
2017-10-05,13.933333,14.175,13.916667,14.075,14.075,2207280
2017-10-06,13.916667,13.983333,13.708333,13.808333,13.808333,2437560
2017-10-09,13.925,14.025,13.833333,13.85,13.85,3869640
2017-10-10,14.108333,14.15,13.6,13.6,13.6,2389200
2017-10-11,13.625,13.725,13.541667,13.65,13.65,2430600
2017-10-12,13.5,13.633333,13.4,13.416667,13.416667,2332560
2017-10-13,13.608333,13.633333,13.208333,13.225,13.225,3267720
2017-10-16,13.283333,13.433333,12.958333,12.966667,12.966667,3118920
2017-10-17,12.983333,13.216667,12.925,13.191667,13.191667,2861040
2017-10-18,13.166667,13.425,13.108333,13.4,13.4,3160920
2017-10-19,13.316667,13.408333,13.008333,13.183333,13.183333,3256080
2017-10-20,13.241667,13.375,13.0,13.233333,13.233333,4786920
2017-10-23,13.333333,13.5,13.183333,13.191667,13.191667,4274520
2017-10-24,13.375,13.583333,13.308333,13.433333,13.433333,3022440
2017-10-25,13.408333,13.475,13.191667,13.241667,13.241667,3310320
2017-10-26,13.216667,13.316667,13.033333,13.125,13.125,4028520
2017-10-27,12.916667,13.6,12.908333,13.6,13.6,5207160
2017-10-30,13.575,13.958333,13.533333,13.783333,13.783333,4780440
2017-10-31,12.575,13.858333,12.508333,13.441667,13.441667,7724760
2017-11-01,13.391667,13.875,13.391667,13.808333,13.808333,6724320
2017-11-02,13.783333,13.966667,13.608333,13.75,13.75,3611520
2017-11-03,13.733333,13.8,13.466667,13.558333,13.558333,2745840
2017-11-06,13.625,13.716667,13.525,13.566667,13.566667,3342360
2017-11-07,13.566667,13.583333,13.208333,13.241667,13.241667,3286320
2017-11-08,13.125,13.15,12.783333,12.825,12.825,3412320
2017-11-09,12.741667,12.908333,12.683333,12.833333,12.833333,2898960
2017-11-10,12.875,13.125,12.808333,13.108333,13.108333,4119960
2017-11-13,12.916667,13.533333,12.916667,13.425,13.425,5570520
2017-11-14,13.241667,13.433333,12.941667,13.091667,13.091667,6654120
2017-11-15,12.758333,13.316667,12.566667,13.283333,13.283333,4863960
2017-11-16,13.35,13.616667,13.241667,13.358333,13.358333,3501360
2017-11-17,13.433333,14.016667,13.433333,14.0,14.0,3176160
2017-11-20,13.75,13.925,13.325,13.366667,13.366667,3571440
2017-11-21,13.441667,13.716667,13.375,13.558333,13.558333,3186720
2017-11-22,13.6,13.758333,13.583333,13.691667,13.691667,2502240
2017-11-24,13.691667,13.766667,13.516667,13.541667,13.541667,2017200
2017-11-27,13.583333,13.675,13.166667,13.333333,13.333333,8159640
2017-11-28,13.333333,13.55,13.25,13.466667,13.466667,3052080
2017-11-29,13.84,13.92,13.37,13.5,13.5,5516200
2017-11-30,13.61,14.35,13.6,13.95,13.95,5574100
2017-12-01,14.15,14.94,14.08,14.91,14.91,5054800
2017-12-04,14.98,15.51,14.93,15.13,15.13,4595400
2017-12-05,14.84,15.0,14.64,14.65,14.65,3703900
2017-12-06,14.66,14.67,14.25,14.58,14.58,7018700
2017-12-07,14.51,14.76,14.4,14.54,14.54,3258900
2017-12-08,14.89,15.04,14.39,14.39,14.39,3277300
2017-12-11,14.44,14.8,14.37,14.63,14.63,3707400
2017-12-12,14.63,14.75,14.45,14.59,14.59,4887900
2017-12-13,14.57,14.6,14.36,14.38,14.38,1691500
2017-12-14,14.29,14.51,14.25,14.31,14.31,2148200
2017-12-15,14.34,14.42,13.78,13.81,13.81,9533400
2017-12-18,13.87,14.24,13.77,14.19,14.19,2978600
2017-12-19,14.54,14.57,14.27,14.27,14.27,3147000
2017-12-20,14.41,14.47,13.97,14.4,14.4,1797300
2017-12-21,14.39,14.64,14.19,14.41,14.41,2490500
2017-12-22,14.42,14.74,14.4,14.61,14.61,2192500
2017-12-26,14.66,14.9,14.54,14.82,14.82,1688000
2017-12-27,14.8,14.82,14.48,14.49,14.49,2583200
2017-12-28,14.51,15.08,14.51,14.97,14.97,6211000
2017-12-29,15.11,15.14,14.62,14.63,14.63,1935800
2018-01-02,14.77,15.14,14.69,15.07,15.07,2331500
2018-01-03,15.19,15.35,15.06,15.24,15.24,2044400
2018-01-04,15.24,15.25,14.64,15.0,15.0,3471100
2018-01-05,14.89,15.01,14.68,14.79,14.79,1797900
2018-01-08,14.84,14.84,14.54,14.6,14.6,3093800
2018-01-09,14.62,15.12,14.52,14.99,14.99,3671000
2018-01-10,14.91,15.21,14.71,14.71,14.71,1673100
2018-01-11,14.89,15.26,14.79,15.04,15.04,1883700
2018-01-12,14.9,15.29,14.75,15.19,15.19,2122600
2018-01-16,15.07,15.16,14.63,14.63,14.63,2597000
2018-01-17,14.75,15.06,14.6,14.88,14.88,2271800
2018-01-18,14.77,14.9,14.53,14.64,14.64,3066000
2018-01-19,14.6,14.66,14.25,14.29,14.29,2876900
2018-01-22,14.4,14.57,14.2,14.51,14.51,3614200
2018-01-23,14.66,15.1,14.61,14.65,14.65,3710500
2018-01-24,14.68,14.86,14.52,14.67,14.67,2363500
2018-01-25,14.8,14.8,14.48,14.71,14.71,3959800
2018-01-26,14.72,14.87,14.38,14.45,14.45,2014800
2018-01-29,14.37,14.46,13.82,13.84,13.84,3821900
2018-01-30,14.7,14.78,13.4,13.68,13.68,7624400
2018-01-31,13.68,14.08,13.56,14.01,14.01,5880900
2018-02-01,13.97,14.22,13.57,13.61,13.61,3140100
2018-02-02,13.42,13.59,12.92,12.97,12.97,5496700
2018-02-05,12.85,13.5,12.52,12.67,12.67,5690400
2018-02-06,12.44,12.88,12.05,12.8,12.8,6204700
2018-02-07,12.72,12.83,11.83,11.83,11.83,4115300
2018-02-08,11.85,12.2,11.69,11.7,11.7,5989300
2018-02-09,11.79,12.75,11.77,12.58,12.58,8403600
2018-02-12,12.71,13.1,12.69,13.03,13.03,4773800
2018-02-13,13.01,13.49,12.93,13.34,13.34,4087900
2018-02-14,13.34,14.66,13.27,14.56,14.56,5056800
2018-02-15,14.54,14.94,14.41,14.79,14.79,4547800
2018-02-16,14.65,15.15,14.6,14.76,14.76,3724500
2018-02-20,14.76,14.9,14.32,14.46,14.46,3717000
2018-02-21,14.4,14.7,14.24,14.25,14.25,4841900
2018-02-22,14.38,14.9,14.32,14.54,14.54,3442800
2018-02-23,14.69,15.01,14.66,14.97,14.97,3154400
2018-02-26,15.05,15.16,14.88,14.98,14.98,3229100
2018-02-27,15.19,16.059999,15.07,15.92,15.92,12497400
2018-02-28,16.139999,16.83,16.040001,16.07,16.07,8866900
2018-03-01,16.219999,16.58,16.18,16.43,16.43,4333400
2018-03-02,16.34,16.76,16.040001,16.719999,16.719999,3589200
2018-03-05,16.6,17.68,16.58,17.450001,17.450001,5882100
2018-03-06,17.549999,17.77,17.200001,17.309999,17.309999,6346500
2018-03-07,17.24,17.73,17.15,17.48,17.48,4060200
2018-03-08,17.440001,17.92,17.440001,17.9,17.9,3924000
2018-03-09,18.0,18.09,17.32,17.549999,17.549999,4050900
2018-03-12,17.52,17.629999,17.059999,17.120001,17.120001,4676800
2018-03-13,16.969999,17.139999,16.17,16.25,16.25,9506800
2018-03-14,16.35,16.59,15.52,15.54,15.54,7367800
2018-03-15,15.56,15.81,15.06,15.27,15.27,5574900
2018-03-16,15.29,15.8,15.16,15.5,15.5,6039900
2018-03-19,15.28,15.65,15.0,15.4,15.4,5065900
2018-03-20,15.53,15.71,15.44,15.56,15.56,3694900
2018-03-21,15.62,15.9,15.49,15.6,15.6,4021800
2018-03-22,15.44,15.67,15.26,15.27,15.27,3016700
2018-03-23,15.36,15.95,15.35,15.41,15.41,2906600
2018-03-26,15.62,15.72,15.3,15.7,15.7,2559100
2018-03-27,15.76,15.91,15.4,15.47,15.47,3137900
2018-03-28,15.47,15.58,15.13,15.22,15.22,3436500
2018-03-29,15.39,15.56,15.32,15.43,15.43,3324100
2018-04-02,15.28,15.42,14.34,14.5,14.5,3461800
2018-04-03,14.56,14.98,14.44,14.9,14.9,2450500
2018-04-04,14.63,15.06,14.56,15.04,15.04,1991700
2018-04-05,15.11,15.81,15.11,15.6,15.6,3734400
2018-04-06,15.43,15.58,14.72,14.95,14.95,5310300
2018-04-09,14.96,15.32,14.96,15.11,15.11,3090100
2018-04-10,15.42,15.81,15.25,15.62,15.62,3261500
2018-04-11,15.64,15.97,15.51,15.71,15.71,2545600
2018-04-12,15.72,15.79,15.53,15.67,15.67,2088500
2018-04-13,15.74,15.87,15.53,15.74,15.74,2208000
2018-04-16,15.79,15.94,15.49,15.81,15.81,2218800
2018-04-17,15.82,15.93,15.69,15.79,15.79,1647800
2018-04-18,15.92,16.52,15.88,16.219999,16.219999,2846400
2018-04-19,16.32,16.440001,16.08,16.120001,16.120001,3055300
2018-04-20,16.07,16.1,15.55,15.64,15.64,2793100
2018-04-23,15.58,15.78,15.45,15.65,15.65,1739400
2018-04-24,15.76,15.84,14.68,14.76,14.76,3207700
2018-04-25,14.58,14.73,14.28,14.4,14.4,3650400
2018-04-26,14.49,14.58,14.24,14.3,14.3,3417300
2018-04-27,14.21,14.72,14.21,14.63,14.63,3022800
2018-04-30,14.63,15.09,14.61,14.86,14.86,3233000
2018-05-01,14.82,14.96,14.62,14.9,14.9,3508600
2018-05-02,14.9,15.33,14.82,15.15,15.15,4611100
2018-05-03,14.89,15.61,14.88,14.94,14.94,3133300
2018-05-04,14.9,15.48,14.85,15.34,15.34,2547200
2018-05-07,15.57,15.99,15.46,15.49,15.49,2795000
2018-05-08,15.41,15.52,14.94,15.29,15.29,3617600
2018-05-09,15.53,15.9,15.48,15.55,15.55,3160300
2018-05-10,15.66,15.73,15.45,15.66,15.66,2112500
2018-05-11,15.69,15.79,15.39,15.56,15.56,4534400
2018-05-14,15.68,16.209999,15.68,16.15,16.15,2140200
2018-05-15,16.040001,16.34,16.0,16.190001,16.190001,1832300
2018-05-16,16.139999,16.42,16.1,16.33,16.33,1554200
2018-05-17,16.43,16.73,16.360001,16.58,16.58,2291600
2018-05-18,16.48,16.59,16.190001,16.34,16.34,2003800
2018-05-21,16.43,16.65,16.32,16.59,16.59,1562500
2018-05-22,16.66,16.77,16.110001,16.15,16.15,1601800
2018-05-23,16.040001,16.040001,15.56,15.86,15.86,1948700
2018-05-24,15.7,16.08,15.58,15.86,15.86,2637500
2018-05-25,15.58,15.91,15.2,15.85,15.85,1967000
2018-05-29,15.68,15.98,15.68,15.9,15.9,2851400
2018-05-30,15.97,16.41,15.97,16.299999,16.299999,2659500
2018-05-31,16.17,16.27,15.97,16.16,16.16,3018300
2018-06-01,16.280001,16.809999,16.190001,16.549999,16.549999,3478200
2018-06-04,16.59,16.790001,16.01,16.09,16.09,2078600
2018-06-05,16.07,16.58,15.93,16.440001,16.440001,1790800
2018-06-06,16.58,16.709999,16.370001,16.549999,16.549999,1648400
2018-06-07,16.700001,17.26,16.629999,17.219999,17.219999,2386500
2018-06-08,17.129999,17.549999,17.059999,17.33,17.33,3220700
2018-06-11,17.290001,17.34,17.02,17.07,17.07,1996600
2018-06-12,17.08,17.4,17.02,17.1,17.1,2222900
2018-06-13,17.08,17.190001,16.93,17.030001,17.030001,2767700
2018-06-14,17.1,17.190001,16.91,16.98,16.98,1784100
2018-06-15,16.790001,16.969999,16.67,16.780001,16.780001,4451100
2018-06-18,16.75,17.18,16.4,16.790001,16.790001,2005200
2018-06-19,16.549999,16.99,16.440001,16.91,16.91,1638300
2018-06-20,17.040001,17.1,16.82,17.049999,17.049999,1797700
2018-06-21,17.030001,17.41,16.860001,17.219999,17.219999,2810600
2018-06-22,17.74,17.870001,17.389999,17.5,17.5,3430900
2018-06-25,17.43,17.58,17.030001,17.15,17.15,2120400
2018-06-26,17.17,17.5,17.049999,17.389999,17.389999,1369400
2018-06-27,17.549999,17.75,17.24,17.27,17.27,2108800
2018-06-28,17.33,17.459999,16.969999,17.200001,17.200001,2302200
2018-06-29,17.219999,18.09,17.219999,17.780001,17.780001,4949900
2018-07-02,17.530001,17.879999,17.26,17.799999,17.799999,2815500
2018-07-03,18.040001,18.16,17.209999,17.51,17.51,2858000
2018-07-05,17.59,17.639999,17.110001,17.17,17.17,2247200
2018-07-06,17.139999,17.450001,17.049999,17.389999,17.389999,1198900
2018-07-09,17.5,18.01,17.43,17.969999,17.969999,1712200
2018-07-10,18.16,18.370001,17.9,17.98,17.98,1374500
2018-07-11,17.83,17.93,17.35,17.5,17.5,2009800
2018-07-12,17.610001,17.700001,16.93,17.08,17.08,2262500
2018-07-13,17.120001,17.41,17.1,17.16,17.16,1038400
2018-07-16,16.950001,17.26,16.9,17.24,17.24,1522100
2018-07-17,17.190001,17.280001,16.99,17.120001,17.120001,1679400
2018-07-18,17.17,17.17,16.73,17.040001,17.040001,2108000
2018-07-19,16.969999,17.190001,16.969999,17.09,17.09,2069500
2018-07-20,17.139999,17.33,17.02,17.200001,17.200001,1274400
2018-07-23,17.280001,17.389999,17.049999,17.26,17.26,1967600
2018-07-24,17.389999,17.389999,16.870001,16.889999,16.889999,1879800
2018-07-25,16.92,17.0,16.610001,16.9,16.9,2494300
2018-07-26,16.91,17.15,16.84,17.01,17.01,3154200
2018-07-27,17.02,17.040001,15.79,15.86,15.86,3012200
2018-07-30,16.0,16.129999,15.71,15.84,15.84,2631100
2018-07-31,15.89,16.360001,15.75,16.280001,16.280001,2047800
2018-08-01,16.15,16.15,15.82,16.09,16.09,2377800
2018-08-02,15.78,15.9,14.47,15.75,15.75,5080100
2018-08-03,15.78,16.049999,15.67,15.95,15.95,3299900
2018-08-06,15.87,16.27,15.6,16.1,16.1,2432200
2018-08-07,16.290001,16.42,15.96,15.97,15.97,2582800
2018-08-08,15.89,16.030001,15.67,15.92,15.92,1879800
2018-08-09,15.92,16.18,15.88,16.02,16.02,2486100
2018-08-10,15.92,16.02,15.71,15.79,15.79,2400000
2018-08-13,15.75,15.82,15.4,15.42,15.42,1949000
2018-08-14,15.64,15.71,15.41,15.42,15.42,1301900
2018-08-15,15.19,15.29,14.83,15.03,15.03,2668700
2018-08-16,15.03,15.11,14.75,14.91,14.91,1878500
2018-08-17,15.2,15.36,15.12,15.19,15.19,1296100
2018-08-20,15.13,15.32,15.07,15.29,15.29,2591700
2018-08-21,15.41,15.63,15.41,15.58,15.58,1687100
2018-08-22,15.66,15.92,15.62,15.85,15.85,1346200
2018-08-23,15.8,15.8,15.53,15.62,15.62,1197100
2018-08-24,15.76,16.02,15.69,15.91,15.91,1920200
2018-08-27,15.91,16.08,15.67,15.71,15.71,1189200
2018-08-28,15.71,15.8,15.38,15.65,15.65,1595500
2018-08-29,15.65,16.040001,15.52,16.0,16.0,1554700
2018-08-30,15.99,16.0,15.7,15.92,15.92,1173700
2018-08-31,15.91,15.97,15.72,15.94,15.94,1642000
2018-09-04,15.97,16.059999,15.36,15.4,15.4,1977500
2018-09-05,15.33,15.47,15.01,15.42,15.42,1693000
2018-09-06,15.36,15.39,14.77,14.88,14.88,2221500
2018-09-07,14.77,15.01,14.54,14.92,14.92,1668900
2018-09-10,14.94,15.27,14.94,15.06,15.06,2470200
2018-09-11,14.3,14.94,14.0,14.85,14.85,3636200
2018-09-12,14.98,15.08,14.62,14.65,14.65,2335400
2018-09-13,14.67,14.85,14.58,14.7,14.7,2498600
2018-09-14,14.67,14.84,14.56,14.6,14.6,2458100
2018-09-17,14.63,14.82,14.49,14.61,14.61,2177600
2018-09-18,14.73,14.87,14.44,14.55,14.55,3015700
2018-09-19,14.57,14.93,14.57,14.8,14.8,2631200
2018-09-20,14.96,15.02,14.54,14.7,14.7,3258100
2018-09-21,14.77,14.77,14.45,14.61,14.61,6149400
2018-09-24,14.73,14.92,14.48,14.57,14.57,2164500
2018-09-25,14.61,14.7,14.24,14.36,14.36,2387100
2018-09-26,14.25,14.43,13.9,13.92,13.92,3265900
2018-09-27,14.09,14.35,13.95,14.33,14.33,3833400
2018-09-28,14.28,14.56,14.22,14.31,14.31,2597000
2018-10-01,14.41,14.44,13.93,14.01,14.01,2566000
2018-10-02,14.01,14.27,13.87,14.03,14.03,2915500
2018-10-03,14.09,14.49,13.94,14.26,14.26,3901400
2018-10-04,14.24,14.49,14.01,14.26,14.26,3638800
2018-10-05,14.32,14.41,13.99,14.04,14.04,2055500
2018-10-08,13.78,14.22,13.71,14.05,14.05,2401500
2018-10-09,14.09,14.64,14.02,14.55,14.55,2935600
2018-10-10,14.56,14.69,14.15,14.16,14.16,2769200
2018-10-11,14.14,14.52,13.97,14.14,14.14,2724600
2018-10-12,14.39,14.39,13.9,14.16,14.16,2055100
2018-10-15,14.41,14.81,14.33,14.53,14.53,3029000
2018-10-16,14.55,14.81,14.46,14.75,14.75,2651000
2018-10-17,14.73,14.86,14.43,14.51,14.51,1437700
2018-10-18,14.33,14.6,14.18,14.45,14.45,2242700
2018-10-19,14.48,14.8,14.47,14.54,14.54,2412500
2018-10-22,14.5,14.6,14.13,14.3,14.3,2335400
2018-10-23,14.02,14.45,13.94,14.28,14.28,4200200
2018-10-24,14.38,14.54,13.35,13.35,13.35,3872000
2018-10-25,13.53,13.88,13.34,13.75,13.75,4814900
2018-10-26,13.54,13.75,13.36,13.54,13.54,4668500
2018-10-29,13.59,13.84,13.16,13.3,13.3,3884800
2018-10-30,12.97,14.62,12.81,14.27,14.27,5825800
2018-10-31,14.43,15.78,14.43,15.65,15.65,6852300
2018-11-01,15.54,16.09,15.45,15.64,15.64,3941100
2018-11-02,15.72,15.84,14.75,14.86,14.86,3344500
2018-11-05,15.15,15.5,15.1,15.44,15.44,3546200
2018-11-06,15.48,15.82,15.25,15.57,15.57,2498800
2018-11-07,15.75,15.89,15.48,15.85,15.85,2445600
2018-11-08,15.85,16.01,15.36,15.4,15.4,1565900
2018-11-09,15.17,15.78,15.14,15.56,15.56,1724200
2018-11-12,15.79,15.79,15.23,15.25,15.25,2649000
2018-11-13,15.31,15.55,15.13,15.29,15.29,3010400
2018-11-14,15.59,15.64,14.41,14.59,14.59,4367200
2018-11-15,14.41,14.65,14.34,14.46,14.46,2726600
2018-11-16,14.54,14.69,14.38,14.4,14.4,2413200
2018-11-19,14.35,14.47,14.22,14.27,14.27,2149200
2018-11-20,14.04,14.14,13.66,13.75,13.75,3334800
2018-11-21,13.84,14.1,13.7,13.85,13.85,4080400
2018-11-23,13.53,13.63,13.3,13.51,13.51,1194700
2018-11-26,13.57,13.88,13.46,13.72,13.72,2159200
2018-11-27,13.69,13.79,13.12,13.44,13.44,2484000
2018-11-28,13.39,13.7,13.19,13.69,13.69,2000100
2018-11-29,13.7,13.88,13.63,13.78,13.78,1874000
2018-11-30,13.68,13.96,13.68,13.84,13.84,2506100
2018-12-03,14.3,14.3,13.62,14.14,14.14,3918000
2018-12-04,14.17,14.31,13.61,13.63,13.63,1670400
2018-12-06,13.44,13.6,13.19,13.53,13.53,3392200
2018-12-07,13.78,13.94,13.31,13.37,13.37,2850400
2018-12-10,13.22,13.47,12.9,12.92,12.92,2631400
2018-12-11,13.16,13.26,12.94,12.95,12.95,2209500
2018-12-12,13.03,13.33,12.96,12.96,12.96,2670600
2018-12-13,13.03,13.09,12.71,12.76,12.76,2112800
2018-12-14,12.6,12.78,12.29,12.34,12.34,2048700
2018-12-17,12.26,12.52,11.86,11.95,11.95,3269700
2018-12-18,12.0,12.04,11.58,11.83,11.83,3876200
2018-12-19,11.89,12.26,11.68,11.76,11.76,3947300
2018-12-20,11.55,11.99,11.49,11.61,11.61,3531100
2018-12-21,11.7,11.96,11.63,11.69,11.69,9557300
2018-12-24,11.5,11.61,10.86,10.92,10.92,2357100
2018-12-26,11.0,12.0,10.78,12.0,12.0,3368000
2018-12-27,11.71,12.1,11.56,12.09,12.09,3032000
2018-12-28,12.16,12.24,11.62,11.66,11.66,3004300
2018-12-31,11.72,11.72,11.23,11.42,11.42,4553600
2019-01-02,11.16,11.88,11.06,11.65,11.65,4506800
2019-01-03,11.68,11.76,11.44,11.48,11.48,2694700
2019-01-04,11.74,12.2,11.7,12.08,12.08,5201500
2019-01-07,11.88,12.6,11.77,12.39,12.39,5153300
2019-01-08,12.59,12.63,12.15,12.5,12.5,2553300
2019-01-09,12.69,12.8,12.43,12.65,12.65,1834700
2019-01-10,12.55,12.65,12.27,12.53,12.53,2739400
2019-01-11,12.45,12.66,12.2,12.58,12.58,2623500
2019-01-14,12.49,12.95,12.34,12.86,12.86,1955300
2019-01-15,12.85,13.08,12.77,12.92,12.92,1739700
2019-01-16,12.9,13.26,12.87,13.13,13.13,1755700
2019-01-17,13.01,13.32,12.97,13.28,13.28,2116100
2019-01-18,13.4,13.45,13.21,13.44,13.44,1660700
2019-01-22,13.3,13.31,12.89,13.01,13.01,2198700
2019-01-23,13.08,13.17,12.64,12.75,12.75,2156500
2019-01-24,12.72,12.94,12.59,12.89,12.89,1633200
2019-01-25,13.0,13.29,12.95,13.19,13.19,1325800
2019-01-28,13.0,13.22,12.9,13.2,13.2,1759300
2019-01-29,13.37,13.37,13.12,13.21,13.21,1544900
2019-01-30,13.27,13.63,13.22,13.53,13.53,2038600
2019-01-31,13.29,13.48,11.95,12.14,12.14,11409000
2019-02-01,12.0,12.01,11.14,11.16,11.16,10291600
2019-02-04,10.91,10.95,10.55,10.71,10.71,6768700
2019-02-05,10.72,11.27,10.63,10.7,10.7,7013800
2019-02-06,10.69,10.78,10.36,10.57,10.57,5139400
2019-02-07,10.52,10.58,9.94,9.97,9.97,5067700
2019-02-08,9.89,10.02,9.73,9.78,9.78,3758300
2019-02-11,9.74,9.99,9.58,9.86,9.86,5513700
2019-02-12,10.04,10.13,9.87,9.96,9.96,3232000
2019-02-13,9.99,10.2,9.94,10.05,10.05,3903300
2019-02-14,9.96,10.1,9.87,9.93,9.93,3679100
2019-02-15,10.03,10.35,9.95,10.22,10.22,3731200
2019-02-19,10.13,10.46,10.12,10.32,10.32,2556400
2019-02-20,10.25,10.53,10.25,10.49,10.49,3066800
2019-02-21,10.49,10.57,10.36,10.46,10.46,4291000
2019-02-22,10.55,10.65,10.37,10.46,10.46,2658500
2019-02-25,10.42,10.68,10.41,10.63,10.63,2554000
2019-02-26,10.59,10.77,10.5,10.5,10.5,3260300
2019-02-27,10.56,10.67,10.39,10.39,10.39,3325200
2019-02-28,10.47,10.71,10.28,10.6,10.6,3224800
2019-03-01,10.71,11.07,10.71,11.05,11.05,3197800
2019-03-04,11.12,11.15,10.71,11.0,11.0,3888600
2019-03-05,11.02,11.28,10.99,11.22,11.22,3150500
2019-03-06,11.2,11.2,10.79,10.79,10.79,3058500
2019-03-07,10.8,10.88,10.41,10.45,10.45,3380100
2019-03-08,10.28,10.33,10.02,10.11,10.11,4348900
2019-03-11,10.2,10.51,10.1,10.47,10.47,2790600
2019-03-12,10.56,10.75,10.54,10.68,10.68,3196600
2019-03-13,10.78,10.93,10.69,10.9,10.9,2129400
2019-03-14,10.89,10.98,10.56,10.63,10.63,3925500
2019-03-15,10.67,10.77,10.57,10.73,10.73,4284400
2019-03-18,10.78,10.93,10.67,10.81,10.81,3354500
2019-03-19,10.91,10.95,10.58,10.61,10.61,2010400
2019-03-20,10.6,11.12,10.56,10.92,10.92,2539700
2019-03-21,10.87,11.07,10.78,10.93,10.93,1844600
2019-03-22,10.83,10.85,10.25,10.32,10.32,2293800
2019-03-25,10.24,10.35,10.08,10.21,10.21,2635300
2019-03-26,10.35,10.48,10.18,10.35,10.35,2821700
2019-03-27,10.3,10.52,10.3,10.45,10.45,2643100
2019-03-28,10.43,10.68,10.36,10.63,10.63,2889500
2019-03-29,10.79,10.94,10.74,10.77,10.77,2954300
2019-04-01,10.81,10.9,10.63,10.76,10.76,4350600
2019-04-02,10.73,10.84,10.49,10.54,10.54,4760300
2019-04-03,10.56,10.6,10.16,10.34,10.34,4065000
2019-04-04,10.35,10.67,10.35,10.67,10.67,2798300
2019-04-05,10.68,11.02,10.68,10.86,10.86,3773800
2019-04-08,10.93,11.04,10.63,10.76,10.76,2705000
2019-04-09,10.73,10.84,10.62,10.64,10.64,2046600
2019-04-10,10.74,10.76,10.56,10.61,10.61,1635400
2019-04-11,10.52,10.6,10.4,10.51,10.51,2150900
2019-04-12,10.74,10.98,10.47,10.59,10.59,4642100
2019-04-15,10.58,11.01,10.54,10.74,10.74,3202500
2019-04-16,10.74,10.91,10.47,10.89,10.89,2335900
2019-04-17,10.94,11.03,10.57,10.68,10.68,1970700
2019-04-18,10.71,10.71,10.18,10.26,10.26,3185700
2019-04-22,10.39,10.4,10.0,10.27,10.27,3304200
2019-04-23,10.3,10.63,10.29,10.51,10.51,3534100
2019-04-24,10.49,10.63,10.28,10.46,10.46,3135000
2019-04-25,10.48,10.7,10.26,10.36,10.36,3099800
2019-04-26,10.27,10.59,10.26,10.49,10.49,2605600
2019-04-29,10.48,10.57,10.41,10.47,10.47,2157400
2019-04-30,10.05,10.05,8.92,8.96,8.96,12668400
2019-05-01,9.0,9.17,8.45,8.6,8.6,9408600
2019-05-02,8.53,8.74,8.44,8.65,8.65,9730300
2019-05-03,8.73,8.87,8.64,8.76,8.76,4346800
2019-05-06,8.62,9.03,8.58,8.99,8.99,4346700
2019-05-07,8.81,8.96,8.79,8.9,8.9,3598800
2019-05-08,8.84,9.15,8.81,9.0,9.0,3655400
2019-05-09,8.92,9.11,8.86,9.1,9.1,3478200
2019-05-10,9.05,9.18,8.97,9.14,9.14,3570300
2019-05-13,9.07,9.08,8.82,8.82,8.82,5132600
2019-05-14,8.92,9.16,8.76,9.04,9.04,4203600
2019-05-15,8.99,9.21,8.91,9.17,9.17,2622500
2019-05-16,9.24,9.33,8.82,8.87,8.87,2410400
2019-05-17,8.8,8.87,8.47,8.47,8.47,2446300
2019-05-20,8.45,8.49,8.2,8.22,8.22,2353000
2019-05-21,8.24,8.29,8.11,8.29,8.29,5506500
2019-05-22,8.18,8.29,7.67,7.82,7.82,4594300
2019-05-23,7.65,7.68,7.35,7.42,7.42,5624900
2019-05-24,7.48,7.62,7.44,7.6,7.6,3472000
2019-05-28,7.58,7.67,7.46,7.5,7.5,4037200
2019-05-29,7.32,7.57,7.26,7.54,7.54,4784200
2019-05-30,7.49,7.72,7.46,7.53,7.53,8102600
2019-05-31,7.36,7.8,7.33,7.72,7.72,5718700
2019-06-03,7.89,8.08,7.82,7.97,7.97,6972100
2019-06-04,8.06,8.24,7.97,8.24,8.24,3811600
2019-06-05,8.23,8.23,7.88,8.0,8.0,4677200
2019-06-06,8.0,8.1,7.7,7.86,7.86,4730300
2019-06-07,7.86,7.91,7.56,7.65,7.65,3158100
2019-06-10,7.63,7.8,7.28,7.35,7.35,4774200
2019-06-11,7.57,7.59,7.21,7.26,7.26,5027400
2019-06-12,7.17,7.21,6.93,6.93,6.93,3475900
2019-06-13,7.15,7.28,7.02,7.28,7.28,3845700
2019-06-14,7.24,7.39,7.07,7.12,7.12,2994300
2019-06-17,7.09,7.29,7.03,7.26,7.26,3319000
2019-06-18,7.3,7.51,7.19,7.34,7.34,2744200
2019-06-19,7.36,7.46,7.23,7.27,7.27,2070300
2019-06-20,7.49,7.66,7.38,7.44,7.44,4119700
2019-06-21,7.44,7.52,7.27,7.28,7.28,6283100
2019-06-24,7.32,7.45,7.16,7.18,7.18,3562600
2019-06-25,7.15,7.16,6.78,6.83,6.83,5934900
2019-06-26,6.9,7.23,6.9,7.2,7.2,6405800
2019-06-27,7.18,7.32,7.01,7.14,7.14,4037300
2019-06-28,7.12,7.34,7.09,7.31,7.31,27824200
2019-07-01,7.45,7.57,7.16,7.23,7.23,4412600
2019-07-02,7.22,7.24,6.85,6.87,6.87,4762700
2019-07-03,6.93,7.11,6.86,7.08,7.08,3190000
2019-07-05,7.02,7.39,7.02,7.36,7.36,3583000
2019-07-08,7.26,7.43,7.13,7.15,7.15,3273500
2019-07-09,7.12,7.16,6.95,7.1,7.1,4012200
2019-07-10,7.21,7.38,7.11,7.37,7.37,2710400
2019-07-11,7.4,7.4,7.17,7.26,7.26,3557800
2019-07-12,7.3,7.46,7.24,7.4,7.4,2358900
2019-07-15,7.42,7.49,7.24,7.32,7.32,2117200
2019-07-16,7.31,7.39,7.18,7.25,7.25,2533700
2019-07-17,7.25,7.28,7.1,7.11,7.11,2664800
2019-07-18,7.07,7.12,6.88,6.91,6.91,3369000
2019-07-19,6.89,7.16,6.87,7.14,7.14,2653700
2019-07-22,7.17,7.27,7.09,7.22,7.22,2422000
2019-07-23,7.25,7.31,7.1,7.29,7.29,2498300
2019-07-24,7.28,7.4,7.14,7.22,7.22,3635900
2019-07-25,7.24,7.24,6.69,6.75,6.75,5469500
2019-07-26,6.72,6.75,6.35,6.49,6.49,5378100
2019-07-29,6.57,6.72,6.14,6.19,6.19,8146400
2019-07-30,6.4,8.02,6.32,7.82,7.82,20581500
2019-07-31,7.96,8.73,7.9,8.22,8.22,13611300
2019-08-01,8.09,8.15,7.05,7.25,7.25,6599300
2019-08-02,7.21,7.5,7.08,7.27,7.27,4990000
2019-08-05,7.07,7.09,6.63,6.83,6.83,7624500
2019-08-06,6.84,6.94,6.58,6.7,6.7,4250600
2019-08-07,6.6,7.01,6.42,6.91,6.91,6245400
2019-08-08,6.99,7.19,6.87,7.16,7.16,4297900
2019-08-09,7.2,7.35,7.03,7.07,7.07,3571800
2019-08-12,7.05,7.15,6.81,6.97,6.97,2901200
2019-08-13,6.91,7.22,6.83,7.16,7.16,4652800
2019-08-14,6.95,7.0,6.62,6.88,6.88,4220800
2019-08-15,6.85,6.91,6.69,6.87,6.87,3314000
2019-08-16,6.89,7.35,6.81,7.29,7.29,3299300
2019-08-19,7.44,7.82,6.69,7.72,7.72,5791700
2019-08-20,7.65,7.79,7.52,7.66,7.66,3066800
2019-08-21,7.85,7.96,7.38,7.52,7.52,4344200
2019-08-22,7.58,7.89,7.49,7.59,7.59,3154600
2019-08-23,7.45,7.76,7.29,7.55,7.55,4578300
2019-08-26,7.71,7.71,7.39,7.55,7.55,2965400
2019-08-27,7.64,7.74,7.47,7.49,7.49,2413200
2019-08-28,7.57,7.73,7.47,7.68,7.68,2880500
2019-08-29,7.76,8.19,7.76,8.09,8.09,4263300
2019-08-30,8.05,8.21,7.82,7.97,7.97,3442400
2019-09-03,7.84,8.06,7.72,7.99,7.99,3452300
2019-09-04,8.15,8.26,8.03,8.05,8.05,2706300
2019-09-05,8.28,8.48,8.14,8.34,8.34,3842900
2019-09-06,8.29,8.37,7.97,8.19,8.19,3700700
2019-09-09,8.28,8.94,8.28,8.84,8.84,5975800
2019-09-10,8.89,9.18,8.56,8.62,8.62,5067400
2019-09-11,8.71,8.94,8.33,8.42,8.42,6048900
2019-09-12,8.15,8.54,8.04,8.32,8.32,4665100
2019-09-13,8.48,8.64,7.91,8.15,8.15,4184600
2019-09-16,8.97,9.03,8.01,8.88,8.88,9720600
2019-09-17,8.72,8.97,8.35,8.59,8.59,6022000
2019-09-18,8.43,8.44,8.13,8.36,8.36,3730300
2019-09-19,8.43,8.51,7.85,7.89,7.89,3566800
2019-09-20,7.93,8.06,7.6,7.62,7.62,11492400
2019-09-23,7.53,7.88,7.47,7.79,7.79,5355400
2019-09-24,7.74,7.83,7.35,7.4,7.4,4241600
2019-09-25,7.33,7.5,7.28,7.37,7.37,2501800
2019-09-26,7.25,7.34,6.93,7.03,7.03,4682900
2019-09-27,6.82,7.2,6.8,7.15,7.15,2604700
2019-09-30,7.06,7.33,6.89,7.26,7.26,4591800
2019-10-01,7.32,7.43,6.95,7.05,7.05,3090600
2019-10-02,7.02,7.22,6.92,6.96,6.96,3511200
2019-10-03,6.88,7.29,6.82,7.27,7.27,4304800
2019-10-04,7.26,7.42,7.12,7.41,7.41,2968400
2019-10-07,7.44,7.45,7.18,7.32,7.32,2294800
2019-10-08,7.17,7.27,7.03,7.11,7.11,2550600
2019-10-09,7.18,7.23,7.03,7.14,7.14,2132200
2019-10-10,7.19,7.28,6.99,7.11,7.11,2772600
2019-10-11,7.25,7.48,7.25,7.28,7.28,3198600
2019-10-14,7.16,7.24,7.04,7.17,7.17,2566000
2019-10-15,7.15,7.75,7.07,7.37,7.37,3166700
2019-10-16,7.36,7.53,7.32,7.34,7.34,1491900
2019-10-17,7.37,7.61,7.24,7.59,7.59,2418000
2019-10-18,7.59,7.65,7.34,7.43,7.43,3092300
2019-10-21,7.47,7.52,7.12,7.23,7.23,3313500
2019-10-22,7.24,7.44,7.08,7.28,7.28,4216100
2019-10-23,7.23,7.57,7.14,7.46,7.46,3713000
2019-10-24,7.51,7.56,7.25,7.48,7.48,3062700
2019-10-25,7.42,7.72,7.35,7.67,7.67,4072500
2019-10-28,7.73,7.91,7.51,7.52,7.52,5238500
2019-10-29,8.2,8.95,7.98,8.71,8.71,11010100
2019-10-30,8.82,9.15,8.53,8.57,8.57,8496700
2019-10-31,8.52,8.73,8.37,8.43,8.43,4436900
2019-11-01,8.52,8.86,8.44,8.69,8.69,3625900
2019-11-04,8.86,9.13,8.75,9.05,9.05,4636700
2019-11-05,9.1,9.35,8.87,8.91,8.91,4748100
2019-11-06,8.82,9.07,8.71,8.81,8.81,3676800
2019-11-07,8.96,9.06,8.81,8.99,8.99,2345700
2019-11-08,8.87,9.43,8.72,9.37,9.37,4357800
2019-11-11,9.14,9.17,8.53,8.55,8.55,3235000
2019-11-12,8.65,8.65,8.3,8.48,8.48,2833800
2019-11-13,8.39,8.51,8.25,8.35,8.35,1535200
2019-11-14,8.37,8.5,8.3,8.41,8.41,2139500
2019-11-15,8.48,8.7,8.4,8.62,8.62,2209100
2019-11-18,8.55,8.6,8.08,8.18,8.18,4303300
2019-11-19,8.14,8.14,7.73,7.81,7.81,3458200
2019-11-20,7.85,7.88,7.6,7.63,7.63,4085500
2019-11-21,7.69,7.73,7.28,7.44,7.44,4617500
2019-11-22,7.5,7.66,7.23,7.6,7.6,3565800
2019-11-25,7.5,7.78,7.44,7.58,7.58,3705000
2019-11-26,7.55,7.56,7.2,7.24,7.24,3157900
2019-11-27,7.24,7.44,7.18,7.31,7.31,2377600
2019-11-29,7.17,7.24,6.87,6.91,6.91,1675800
2019-12-02,6.95,6.97,6.57,6.62,6.62,4312900
2019-12-03,6.52,6.62,6.44,6.52,6.52,3521400
2019-12-04,6.65,6.7,6.44,6.56,6.56,5099700
2019-12-05,6.6,6.69,6.42,6.62,6.62,6518700
2019-12-06,6.7,6.99,6.64,6.9,6.9,3061200
2019-12-09,6.8,7.01,6.75,6.92,6.92,3095300
2019-12-10,6.96,7.17,6.96,7.12,7.12,3933700
2019-12-11,7.11,7.21,7.02,7.07,7.07,2098100
2019-12-12,7.09,7.63,7.06,7.55,7.55,3840000
2019-12-13,7.6,7.69,7.35,7.43,7.43,3701400
2019-12-16,7.56,8.03,7.54,7.79,7.79,3677800
2019-12-17,7.78,8.28,7.74,8.21,8.21,4338400
2019-12-18,8.14,8.54,8.11,8.46,8.46,3456800
2019-12-19,8.41,8.89,8.41,8.88,8.88,3938100
2019-12-20,8.93,8.96,8.56,8.61,8.61,10674800
2019-12-23,8.56,8.85,8.51,8.84,8.84,3439700
2019-12-24,8.89,9.03,8.76,8.8,8.8,1441600
2019-12-26,8.86,8.93,8.72,8.75,8.75,1737000
2019-12-27,8.78,8.81,8.29,8.32,8.32,3125400
2019-12-30,8.33,8.77,8.33,8.63,8.63,3094200
2019-12-31,8.54,8.94,8.5,8.85,8.85,3447700
2020-01-02,8.93,8.93,8.36,8.42,8.42,4274100
2020-01-03,8.62,8.7,8.43,8.54,8.54,2346500
2020-01-06,8.58,8.62,8.39,8.49,8.49,3968000
2020-01-07,8.37,8.48,8.14,8.29,8.29,2939400
2020-01-08,8.31,8.37,7.9,7.93,7.93,3734900
2020-01-09,7.89,7.92,7.54,7.68,7.68,3238900
2020-01-10,7.61,7.92,7.61,7.81,7.81,2787300
2020-01-13,7.76,7.91,7.51,7.81,7.81,3613000
2020-01-14,7.78,8.15,7.73,7.86,7.86,3381600
2020-01-15,7.78,7.94,7.68,7.93,7.93,2289300
2020-01-16,8.04,8.21,7.95,7.98,7.98,2734900
2020-01-17,8.05,8.09,7.78,7.81,7.81,3658000
2020-01-21,7.7,7.7,6.81,6.99,6.99,6527700
2020-01-22,6.94,6.96,6.76,6.95,6.95,3458400
2020-01-23,6.84,7.1,6.76,6.95,6.95,4649400
2020-01-24,6.93,6.93,6.42,6.73,6.73,6539900
2020-01-27,6.59,6.83,6.48,6.66,6.66,7425900
2020-01-28,6.69,6.83,6.55,6.81,6.81,3323900
2020-01-29,6.83,6.93,6.63,6.66,6.66,4273100
2020-01-30,6.58,7.05,6.45,7.01,7.01,9275900
2020-01-31,6.92,7.29,6.8,7.23,7.23,6731700
2020-02-03,7.22,7.36,7.05,7.33,7.33,4816000
2020-02-04,7.48,7.57,7.18,7.25,7.25,4012900
2020-02-05,7.4,8.05,7.38,7.98,7.98,5825400
2020-02-06,7.97,7.97,7.53,7.57,7.57,4249800
2020-02-07,7.47,7.55,7.24,7.41,7.41,3282900
2020-02-10,7.32,7.38,6.31,6.36,6.36,6874200
2020-02-11,6.47,6.69,6.09,6.16,6.16,6378700
2020-02-12,6.27,6.51,6.07,6.13,6.13,5882000
2020-02-13,6.12,6.36,6.05,6.17,6.17,3848000
2020-02-14,6.16,6.23,6.04,6.08,6.08,3147900
2020-02-18,6.05,6.38,6.05,6.26,6.26,4165100
2020-02-19,6.29,6.51,6.22,6.41,6.41,4311100
2020-02-20,6.41,6.83,6.38,6.66,6.66,4152800
2020-02-21,6.6,6.79,6.44,6.66,6.66,3967700
2020-02-24,6.36,6.65,6.23,6.32,6.32,5075100
2020-02-25,6.33,6.36,5.65,5.76,5.76,5451400
2020-02-26,5.8,6.09,5.3,5.38,5.38,6409200
2020-02-27,5.1,5.3,4.75,5.19,5.19,7177800
2020-02-28,4.97,5.31,4.92,5.31,5.31,8744800
2020-03-02,5.43,5.47,4.98,5.35,5.35,6328200
2020-03-03,5.36,5.43,5.05,5.11,5.11,4455400
2020-03-04,5.17,5.36,4.99,5.1,5.1,3378200
2020-03-05,4.97,5.23,4.96,5.08,5.08,6062600
2020-03-06,4.87,5.28,4.59,5.14,5.14,10114300
2020-03-09,4.29,6.2,4.26,5.53,5.53,15984800
2020-03-10,5.82,6.05,4.5,5.73,5.73,11685500
2020-03-11,5.52,5.86,4.74,5.11,5.11,9139100
2020-03-12,4.64,5.59,4.64,5.24,5.24,9810700
2020-03-13,5.49,7.22,5.07,6.72,6.72,14896300
2020-03-16,5.7,8.0,5.58,7.47,7.47,10559200
2020-03-17,7.41,9.3,7.02,9.0,9.0,9921400
2020-03-18,8.3,9.21,7.51,7.95,7.95,7769400
2020-03-19,7.98,8.32,6.6,7.78,7.78,5839400
2020-03-20,8.05,8.05,6.52,6.76,6.76,6217000
2020-03-23,6.84,6.84,5.43,5.48,5.48,5574300
2020-03-24,5.71,6.11,5.01,6.04,6.04,7036300
2020-03-25,6.09,6.62,5.51,5.87,5.87,4862600
2020-03-26,5.86,6.17,4.97,5.05,5.05,5713800
2020-03-27,4.99,5.57,4.7,5.03,5.03,5957000
2020-03-30,4.94,5.43,4.55,5.34,5.34,6749300
2020-03-31,5.72,5.91,5.26,5.32,5.32,6187800
2020-04-01,5.19,5.99,5.03,5.47,5.47,5157100
2020-04-02,5.75,6.36,5.21,5.68,5.68,5484500
2020-04-03,5.79,7.03,5.71,6.93,6.93,6990200
2020-04-06,7.0,7.61,6.44,7.47,7.47,5968000
2020-04-07,7.48,8.74,7.35,8.34,8.34,6792400
2020-04-08,8.4,9.3,7.91,9.29,9.29,5582900
2020-04-09,9.3,9.89,8.67,9.27,9.27,5555600
2020-04-13,9.5,9.64,9.04,9.56,9.56,5525700
2020-04-14,9.49,9.94,9.12,9.87,9.87,5520200
2020-04-15,9.58,10.77,9.18,10.74,10.74,4536500
2020-04-16,10.66,10.94,9.97,10.5,10.5,4064100
2020-04-17,10.71,10.84,10.03,10.63,10.63,3976900
2020-04-20,10.24,12.97,10.23,12.88,12.88,8840800
2020-04-21,12.5,14.19,12.24,12.93,12.93,9563900
2020-04-22,13.31,13.34,11.49,12.07,12.07,4524600
2020-04-23,12.0,12.26,11.24,11.58,11.58,4368600
2020-04-24,12.0,12.0,10.79,11.5,11.5,4267800
2020-04-27,11.4,13.45,11.04,12.9,12.9,7234100
2020-04-28,12.34,12.48,10.49,10.7,10.7,17371600
2020-04-29,10.85,10.95,10.41,10.75,10.75,14143400
2020-04-30,10.67,10.88,10.36,10.6,10.6,8594400
2020-05-01,10.6,10.74,9.98,10.15,10.15,5464200
2020-05-04,10.05,10.59,9.96,10.48,10.48,3874400
2020-05-05,10.85,11.27,10.52,10.76,10.76,4947600
2020-05-06,10.65,10.98,9.92,9.99,9.99,3363200
2020-05-07,10.16,10.57,9.99,10.08,10.08,2593500
2020-05-08,10.28,10.75,10.15,10.7,10.7,3488600
2020-05-11,10.32,10.63,10.15,10.2,10.2,3052000
2020-05-12,10.3,10.48,10.11,10.16,10.16,3468400
2020-05-13,10.22,10.22,9.32,9.76,9.76,4714300
2020-05-14,9.69,9.86,9.2,9.54,9.54,5138500
2020-05-15,9.59,10.24,9.59,9.74,9.74,3195700
2020-05-18,10.12,10.51,9.88,10.45,10.45,5699200
2020-05-19,10.48,10.74,10.23,10.24,10.24,3724400
2020-05-20,10.48,10.61,9.94,10.18,10.18,5580900
2020-05-21,10.2,10.69,10.15,10.22,10.22,3844100
2020-05-22,10.19,10.51,10.07,10.38,10.38,3721000
2020-05-26,10.48,10.59,10.15,10.32,10.32,7385900
2020-05-27,10.36,10.37,9.85,10.29,10.29,4319900
2020-05-28,10.35,10.66,9.95,9.97,9.97,4943300
2020-05-29,9.99,10.46,9.71,10.19,10.19,11728400
2020-06-01,9.92,10.11,9.68,9.9,9.9,3487300
2020-06-02,9.85,10.47,9.74,10.21,10.21,2574600
2020-06-03,10.36,10.38,9.96,10.03,10.03,3323100
2020-06-04,9.93,10.06,9.67,9.92,9.92,3895000
2020-06-05,10.21,10.89,9.99,10.84,10.84,5719400
2020-06-08,11.09,12.07,10.7,12.05,12.05,7213800
2020-06-09,11.63,12.13,11.39,11.94,11.94,4401700
2020-06-10,11.63,11.79,10.59,10.66,10.66,4197200
2020-06-11,10.11,10.92,9.97,10.32,10.32,4348500
2020-06-12,10.75,10.77,9.91,10.48,10.48,4725400
2020-06-15,9.97,10.53,9.8,10.5,10.5,3663400
2020-06-16,10.75,10.96,10.35,10.73,10.73,2905000
2020-06-17,10.66,11.07,10.43,10.63,10.63,4129800
2020-06-18,10.6,10.81,10.18,10.27,10.27,2657400
2020-06-19,10.38,10.43,9.76,9.81,9.81,8197400
2020-06-22,9.8,9.83,9.2,9.34,9.34,4276600
2020-06-23,9.55,9.73,9.1,9.2,9.2,3097800
2020-06-24,9.1,9.27,8.87,8.96,8.96,2814000
2020-06-25,8.98,9.24,8.67,8.86,8.86,4016700
2020-06-26,8.72,8.81,8.18,8.33,8.33,4014800
2020-06-29,8.47,8.67,8.32,8.57,8.57,3721800
2020-06-30,8.49,8.66,8.32,8.65,8.65,3297800
2020-07-01,8.52,8.62,8.28,8.41,8.41,3340300
2020-07-02,8.6,8.9,8.44,8.77,8.77,2186500
2020-07-06,8.96,9.28,8.85,9.0,9.0,2721400
2020-07-07,8.93,9.52,8.85,9.13,9.13,3263000
2020-07-08,9.12,9.23,8.62,8.79,8.79,2723300
2020-07-09,8.97,9.39,8.5,8.51,8.51,4920400
2020-07-10,8.53,8.53,8.16,8.43,8.43,3814600
2020-07-13,8.51,8.79,8.12,8.14,8.14,4495300
2020-07-14,8.11,8.51,7.97,8.5,8.5,2968800
2020-07-15,8.54,8.82,8.5,8.77,8.77,3028100
2020-07-16,8.75,8.9,8.59,8.73,8.73,1711000
2020-07-17,8.75,9.0,8.65,8.69,8.69,2731800
2020-07-20,8.62,8.78,8.51,8.51,8.51,2104200
2020-07-21,8.59,9.08,8.55,8.93,8.93,2584700
2020-07-22,8.76,8.89,8.3,8.75,8.75,3135400
2020-07-23,8.76,9.61,8.63,9.48,9.48,4144500
2020-07-24,9.44,9.9,9.32,9.62,9.62,4161900
2020-07-27,8.8,9.36,8.54,8.78,8.78,14163300
2020-07-28,8.66,9.67,8.66,9.22,9.22,8296800
2020-07-29,9.21,9.58,8.94,9.49,9.49,5651100
2020-07-30,9.21,9.51,8.75,9.34,9.34,6952400
2020-07-31,9.42,9.67,9.1,9.65,9.65,5720600
2020-08-03,9.77,10.34,9.57,10.15,10.15,6966800
2020-08-04,10.08,10.55,9.78,10.29,10.29,5908400
2020-08-05,10.45,10.53,10.12,10.48,10.48,3413300
2020-08-06,10.55,10.75,10.28,10.44,10.44,3449500
2020-08-07,10.47,11.15,10.35,11.09,11.09,4232900
2020-08-10,10.91,11.59,10.87,11.42,11.42,4261900
2020-08-11,11.65,11.66,10.9,10.92,10.92,5218600
2020-08-12,11.51,11.59,11.13,11.39,11.39,4224500
2020-08-13,11.41,11.48,10.96,11.08,11.08,3775700
2020-08-14,11.04,12.27,11.01,12.0,12.0,5541300
2020-08-17,11.76,11.96,11.24,11.74,11.74,3692800
2020-08-18,11.77,12.2,11.62,11.81,11.81,4930800
2020-08-19,11.84,12.06,11.54,11.77,11.77,2311600
2020-08-20,11.6,11.74,11.09,11.17,11.17,3200600
2020-08-21,11.12,11.32,11.01,11.27,11.27,2770900
2020-08-24,11.33,11.63,11.18,11.42,11.42,2716500
2020-08-25,11.51,11.63,11.26,11.56,11.56,2474800
2020-08-26,11.51,11.51,10.65,10.73,10.73,3410100
2020-08-27,10.8,11.32,10.8,11.24,11.24,3560300
2020-08-28,11.22,11.37,11.09,11.3,11.3,2001800
2020-08-31,11.16,11.24,10.79,10.96,10.96,3838300
2020-09-01,10.87,10.93,10.6,10.63,10.63,2493700
2020-09-02,10.55,10.66,10.11,10.14,10.14,5832500
2020-09-03,10.07,10.43,10.0,10.14,10.14,3545200
2020-09-04,10.26,10.59,10.17,10.53,10.53,2871100
2020-09-08,10.45,10.61,10.04,10.23,10.23,4018800
2020-09-09,10.39,10.69,10.11,10.62,10.62,3143700
2020-09-10,10.65,10.97,10.38,10.47,10.47,3653600
2020-09-11,10.48,10.63,10.22,10.56,10.56,3291000
2020-09-14,10.59,11.08,10.48,10.87,10.87,4477900
2020-09-15,11.06,11.09,10.56,10.61,10.61,4234500
2020-09-16,10.69,11.37,10.53,11.2,11.2,4417200
2020-09-17,11.01,11.23,10.89,11.08,11.08,4085800
2020-09-18,11.18,11.66,11.05,11.37,11.37,7647100
2020-09-21,11.21,11.49,11.07,11.38,11.38,4679000
2020-09-22,11.37,11.56,10.95,10.99,10.99,4165500
2020-09-23,11.22,11.74,10.97,10.98,10.98,6113200
2020-09-24,11.03,11.45,10.71,11.15,11.15,4640500
2020-09-25,11.06,11.47,10.32,10.38,10.38,18317800
2020-09-28,10.33,10.49,9.83,10.22,10.22,6078300
2020-09-29,10.12,10.17,9.38,9.64,9.64,8719800
2020-09-30,9.58,9.85,9.31,9.44,9.44,6907000
2020-10-01,9.31,9.51,9.13,9.32,9.32,5431300
2020-10-02,9.1,9.45,9.03,9.3,9.3,3278100
2020-10-05,9.56,9.88,9.28,9.8,9.8,6208100
2020-10-06,9.87,10.17,9.59,9.65,9.65,4067700
2020-10-07,9.74,10.32,9.74,10.27,10.27,4770100
2020-10-08,10.34,10.49,10.12,10.49,10.49,2973400
2020-10-09,10.75,10.97,10.33,10.63,10.63,4680600
2020-10-12,10.65,10.89,10.55,10.78,10.78,3201100
2020-10-13,10.83,10.96,10.48,10.5,10.5,2315400
2020-10-14,10.48,10.58,10.18,10.25,10.25,2540600
2020-10-15,10.26,10.47,10.09,10.43,10.43,2646300
2020-10-16,10.35,10.53,10.11,10.13,10.13,3315800
2020-10-19,10.2,10.34,9.9,10.04,10.04,2482400
2020-10-20,10.1,10.57,10.07,10.37,10.37,2626000
2020-10-21,10.51,10.92,10.27,10.31,10.31,2716100
2020-10-22,10.27,12.0,10.13,11.5,11.5,9888600
2020-10-23,11.47,11.64,11.16,11.4,11.4,7874700
2020-10-26,11.28,11.36,10.53,10.62,10.62,6977900
2020-10-27,10.65,10.72,10.33,10.38,10.38,4538300
2020-10-28,10.17,10.23,9.61,9.69,9.69,6555800
2020-10-29,9.38,10.15,9.35,9.82,9.82,4160800
2020-10-30,10.0,10.0,9.19,9.7,9.7,5288500
2020-11-02,9.72,9.81,9.35,9.73,9.73,4481900
2020-11-03,9.84,10.1,9.04,9.29,9.29,7496700
2020-11-04,9.21,9.44,8.81,8.92,8.92,5293300
2020-11-05,8.88,9.53,8.88,8.91,8.91,4250200
2020-11-06,8.95,9.16,8.72,8.74,8.74,2730700
2020-11-09,9.24,9.36,8.31,8.85,8.85,6583000
2020-11-10,9.12,9.55,8.93,9.52,9.52,5791200
2020-11-11,9.56,10.31,9.54,9.95,9.95,5733300
2020-11-12,9.74,9.79,9.24,9.38,9.38,6282600
2020-11-13,9.49,10.05,9.49,9.92,9.92,3757700
2020-11-16,10.13,10.13,9.25,9.65,9.65,4097000
2020-11-17,9.51,9.85,9.45,9.77,9.77,2673400
2020-11-18,9.9,9.97,9.41,9.41,9.41,3282400
2020-11-19,9.3,9.57,8.93,9.55,9.55,4592700
2020-11-20,9.51,9.78,9.32,9.36,9.36,2890600
2020-11-23,9.54,9.69,9.31,9.69,9.69,3840100
2020-11-24,9.75,10.0,9.61,9.99,9.99,3187200
2020-11-25,9.94,9.95,9.69,9.77,9.77,1814700
2020-11-27,9.69,9.96,9.63,9.82,9.82,1095300
2020-11-30,9.88,9.94,9.39,9.41,9.41,2646700
2020-12-01,9.5,9.86,9.36,9.39,9.39,2216900
2020-12-02,9.36,9.82,9.27,9.41,9.41,3434400
2020-12-03,9.35,9.37,8.82,8.88,8.88,6599000
2020-12-04,9.16,9.59,9.16,9.47,9.47,5998500
2020-12-07,9.25,9.55,9.07,9.27,9.27,2823100
2020-12-08,9.23,9.52,9.02,9.2,9.2,3510900
2020-12-09,9.49,9.94,9.27,9.9,9.9,5833100
2020-12-10,9.98,11.14,9.95,11.1,11.1,7796300
2020-12-11,11.0,11.08,10.42,10.72,10.72,3768100
2020-12-14,10.95,11.17,10.69,10.69,10.69,3706000
2020-12-15,10.65,11.07,10.63,11.05,11.05,4331500
2020-12-16,11.15,11.16,10.75,10.79,10.79,6408200
2020-12-17,10.94,11.21,10.86,11.19,11.19,4059800
2020-12-18,11.24,11.36,11.07,11.11,11.11,10596100
2020-12-21,10.71,11.13,10.55,10.97,10.97,3620600
2020-12-22,10.96,11.12,10.84,11.06,11.06,2174400
2020-12-23,11.06,11.89,11.06,11.8,11.8,4433600
2020-12-24,11.72,11.82,11.45,11.46,11.46,1406600
2020-12-28,11.22,11.27,10.43,10.47,10.47,3671900
2020-12-29,10.56,10.64,10.01,10.26,10.26,3636300
2020-12-30,10.16,11.03,10.14,10.97,10.97,3116000
2020-12-31,10.94,10.97,10.73,10.8,10.8,2646400
2021-01-04,11.02,11.41,10.93,11.08,11.08,3588500
2021-01-05,11.28,12.07,11.19,11.32,11.32,6128800
2021-01-06,11.49,11.9,11.18,11.88,11.88,5250700
2021-01-07,11.88,12.27,11.74,12.04,12.04,3732700
2021-01-08,12.12,12.45,11.85,12.1,12.1,3532000
2021-01-11,11.79,12.87,11.74,12.79,12.79,2804700
2021-01-12,13.0,13.38,12.63,13.07,13.07,5101300
2021-01-13,13.02,13.24,12.77,12.93,12.93,3083100
2021-01-14,13.1,13.75,12.98,13.66,13.66,4155200
2021-01-15,13.66,14.09,13.4,13.83,13.83,4533700
2021-01-19,13.89,14.03,12.84,12.87,12.87,4213700
2021-01-20,12.92,13.08,12.13,12.45,12.45,4681500
2021-01-21,12.37,12.69,12.03,12.35,12.35,2330900
2021-01-22,12.0,12.71,11.86,12.69,12.69,3054900
2021-01-25,12.56,13.15,12.31,13.06,13.06,4526100
2021-01-26,13.08,13.32,12.32,12.41,12.41,4069700
2021-01-27,12.22,12.94,12.0,12.43,12.43,6248700
2021-01-28,12.72,13.31,12.22,12.64,12.64,5328600
2021-01-29,12.75,13.6,12.58,12.67,12.67,4110800
2021-02-01,13.18,13.46,12.77,12.8,12.8,7824200
2021-02-02,13.14,13.41,12.74,13.01,13.01,4195600
2021-02-03,13.04,13.73,12.9,13.43,13.43,3573200
2021-02-04,13.5,13.59,13.12,13.17,13.17,2681200
2021-02-05,13.32,13.32,12.63,12.76,12.76,3437800
2021-02-08,12.94,13.08,12.71,13.02,13.02,2522300
2021-02-09,13.04,13.16,12.54,12.56,12.56,1777100
2021-02-10,12.64,13.18,12.52,13.04,13.04,3148300
2021-02-11,13.17,13.39,12.23,12.51,12.51,3606100
2021-02-12,12.38,13.4,12.3,13.32,13.32,3493700
2021-02-16,13.79,14.12,13.35,13.78,13.78,4901300
2021-02-17,13.83,14.19,13.57,14.03,14.03,2769200
2021-02-18,13.89,14.2,13.79,13.97,13.97,6135100
2021-02-19,13.97,14.2,13.41,13.73,13.73,3077300
2021-02-22,13.78,13.86,13.03,13.1,13.1,3576800
2021-02-23,13.17,13.18,12.43,13.13,13.13,3324900
2021-02-24,13.23,13.91,13.09,13.58,13.58,4144300
2021-02-25,13.66,13.81,12.91,13.14,13.14,2793900
2021-02-26,12.96,13.14,12.55,12.61,12.61,3313700
2021-03-01,12.85,13.2,12.6,13.17,13.17,2475100
2021-03-02,13.19,13.9,13.16,13.35,13.35,2627200
2021-03-03,13.55,14.21,13.55,13.78,13.78,4632400
2021-03-04,13.75,14.35,13.42,13.9,13.9,3851500
2021-03-05,14.05,14.19,13.33,13.94,13.94,3825800
2021-03-08,13.99,14.07,13.66,13.87,13.87,3070500
2021-03-09,13.8,13.94,13.34,13.58,13.58,2909900
2021-03-10,13.62,15.1,13.61,14.86,14.86,5720100
2021-03-11,14.62,15.07,14.36,15.04,15.04,4322700
2021-03-12,15.11,15.27,14.71,14.89,14.89,3588800
2021-03-15,14.79,15.06,14.41,14.61,14.61,2753000
2021-03-16,14.41,15.02,14.24,14.91,14.91,3151600
2021-03-17,15.17,15.46,14.8,14.95,14.95,4797900
2021-03-18,14.73,14.9,14.09,14.13,14.13,4133100
2021-03-19,14.17,15.18,13.88,15.0,15.0,10856700
2021-03-22,14.73,14.83,14.23,14.6,14.6,3148100
2021-03-23,14.23,14.34,13.68,13.79,13.79,3835200
2021-03-24,14.06,14.22,13.79,13.82,13.82,2506300
2021-03-25,13.6,14.66,13.4,14.64,14.64,3729700
2021-03-26,15.0,15.85,14.74,15.62,15.62,7292200
2021-03-29,15.47,15.89,15.22,15.36,15.36,2701400
2021-03-30,15.02,15.13,14.36,14.67,14.67,3285800
2021-03-31,14.57,14.86,14.38,14.7,14.7,2603000
2021-04-01,14.72,15.35,14.6,15.34,15.34,2377900
2021-04-05,15.15,15.18,14.52,14.58,14.58,3018100
2021-04-06,14.75,15.24,14.65,14.92,14.92,2269400
2021-04-07,14.9,15.06,14.64,14.8,14.8,2320700
2021-04-08,14.63,14.63,13.79,14.06,14.06,2459300
2021-04-09,14.0,14.25,13.72,13.82,13.82,2545800
2021-04-12,14.01,14.14,13.36,13.4,13.4,2546900
2021-04-13,13.4,13.68,13.33,13.54,13.54,2947300
2021-04-14,13.71,14.38,13.71,13.91,13.91,2997600
2021-04-15,13.8,14.07,13.58,14.03,14.03,2366600
2021-04-16,14.13,14.13,13.7,13.72,13.72,1580100
2021-04-19,13.68,13.93,13.57,13.8,13.8,1816400
2021-04-20,13.79,13.79,13.22,13.5,13.5,2353000
2021-04-21,13.35,13.64,13.24,13.39,13.39,1839900
2021-04-22,13.46,13.69,13.13,13.47,13.47,1885400
2021-04-23,13.45,13.63,13.36,13.57,13.57,2542200
2021-04-26,13.49,13.9,13.39,13.62,13.62,2699700
2021-04-27,13.74,14.13,13.74,14.09,14.09,2648900
2021-04-28,14.14,14.53,14.05,14.4,14.4,2293800
2021-04-29,14.52,14.59,13.58,13.88,13.88,2395400
2021-04-30,13.6,13.82,13.4,13.42,13.42,2812000
2021-05-03,13.69,14.1,13.53,14.02,14.02,2287700
2021-05-04,14.1,14.17,13.56,13.73,13.73,2497400
2021-05-05,13.88,13.88,13.45,13.76,13.76,2525200
2021-05-06,13.79,13.79,13.23,13.69,13.69,2208200
2021-05-07,13.55,13.76,13.34,13.75,13.75,2610000
2021-05-10,13.97,14.14,13.75,13.76,13.76,1858200
2021-05-11,13.51,13.98,13.42,13.64,13.64,2045700
2021-05-12,13.82,14.11,13.32,13.35,13.35,2017900
2021-05-13,13.14,13.46,12.87,13.03,13.03,2333200
2021-05-14,13.23,13.89,13.2,13.8,13.8,2323300
2021-05-17,13.86,14.67,13.78,14.61,14.61,3859800
2021-05-18,14.51,14.55,13.86,14.05,14.05,2557100
2021-05-19,13.74,14.05,13.58,13.95,13.95,2159100
2021-05-20,14.06,14.19,13.81,14.11,14.11,1787700
2021-05-21,14.35,14.65,14.09,14.09,14.09,2079800
2021-05-24,14.16,14.19,13.81,13.91,13.91,2825100
2021-05-25,13.88,14.05,13.29,13.35,13.35,2800300
2021-05-26,13.35,13.82,13.22,13.77,13.77,1654800
2021-05-27,13.78,13.95,13.56,13.57,13.57,1822400
2021-05-28,13.64,13.73,13.47,13.62,13.62,1232700
2021-06-01,13.94,14.34,13.86,14.13,14.13,2251000
2021-06-02,14.24,14.36,14.02,14.19,14.19,1838800
2021-06-03,14.08,14.18,13.82,14.15,14.15,2040500
2021-06-04,14.29,14.29,13.9,14.12,14.12,1771100
2021-06-07,14.02,14.43,14.0,14.37,14.37,2106600
2021-06-08,14.33,14.79,14.17,14.65,14.65,2171700
2021-06-09,14.61,14.79,14.39,14.44,14.44,1923600
2021-06-10,14.66,14.76,14.4,14.6,14.6,1461300
2021-06-11,14.92,15.15,14.65,14.75,14.75,2619700
2021-06-14,14.77,14.94,14.54,14.59,14.59,2466500
2021-06-15,14.73,14.95,14.44,14.73,14.73,2414900
2021-06-16,14.59,14.62,14.27,14.53,14.53,2097400
2021-06-17,14.42,14.52,13.44,13.79,13.79,5299700
2021-06-18,13.4,13.7,13.02,13.15,13.15,5318500
2021-06-21,13.01,13.66,12.91,13.65,13.65,3307500
2021-06-22,13.65,13.84,13.38,13.76,13.76,3119700
2021-06-23,14.0,14.32,13.84,14.18,14.18,4665700
2021-06-24,14.16,14.42,13.99,14.39,14.39,2009000
2021-06-25,14.48,14.86,14.37,14.68,14.68,4921400
2021-06-28,14.67,14.68,13.95,14.13,14.13,2604300
2021-06-29,14.41,14.43,13.64,13.64,13.64,3865300
2021-06-30,13.76,14.06,13.43,13.66,13.66,3254400
2021-07-01,13.98,14.18,13.75,13.81,13.81,3019900
2021-07-02,13.7,13.73,13.31,13.51,13.51,1690200
2021-07-06,13.38,13.5,13.04,13.28,13.28,2405600
2021-07-07,13.21,13.49,12.89,13.19,13.19,2701500
2021-07-08,13.15,13.81,13.1,13.51,13.51,3347700
2021-07-09,13.69,13.91,13.41,13.83,13.83,1804300
2021-07-12,13.65,13.77,13.47,13.62,13.62,1587800
2021-07-13,13.71,13.84,13.49,13.5,13.5,1755200
2021-07-14,13.69,13.69,13.13,13.25,13.25,2477400
2021-07-15,13.11,13.41,12.79,12.98,12.98,2881600
2021-07-16,13.18,13.2,12.52,12.55,12.55,3004600
2021-07-19,12.18,12.66,12.07,12.43,12.43,3941500
2021-07-20,12.49,12.82,12.3,12.62,12.62,3659500
2021-07-21,13.0,13.06,12.55,12.66,12.66,3821900
2021-07-22,12.57,12.64,12.28,12.36,12.36,2487200
2021-07-23,12.46,12.5,12.14,12.29,12.29,2474400
2021-07-26,12.35,12.72,12.35,12.67,12.67,2950400
2021-07-27,12.55,12.55,12.09,12.39,12.39,2688300
2021-07-28,12.56,12.89,12.34,12.85,12.85,3259400
2021-07-29,12.66,13.0,11.93,12.21,12.21,4749900
2021-07-30,11.94,12.26,11.77,12.1,12.1,4201800
2021-08-02,12.1,12.44,11.75,11.78,11.78,4278900
2021-08-03,11.67,12.16,11.58,12.05,12.05,3049900
2021-08-04,11.8,12.24,11.77,11.88,11.88,2653300
2021-08-05,11.95,12.25,11.83,12.02,12.02,1812800
2021-08-06,12.19,12.19,11.82,11.89,11.89,2190400
2021-08-09,11.65,12.05,11.6,11.8,11.8,2255100
2021-08-10,11.88,12.18,11.73,12.0,12.0,1798100
2021-08-11,11.85,11.91,11.58,11.86,11.86,2174500
2021-08-12,11.9,11.99,11.66,11.95,11.95,3471000
2021-08-13,11.9,11.9,11.45,11.48,11.48,1960500
2021-08-16,11.33,11.58,11.17,11.3,11.3,2522000
2021-08-17,11.25,11.5,11.02,11.11,11.11,2999900
2021-08-18,11.15,11.19,10.7,10.72,10.72,2532200
2021-08-19,10.63,10.77,10.41,10.63,10.63,4144700
2021-08-20,10.56,10.81,10.46,10.58,10.58,3257500
2021-08-23,10.83,10.94,10.64,10.69,10.69,2388100
2021-08-24,10.75,10.88,10.62,10.82,10.82,2209800
2021-08-25,10.79,11.04,10.66,10.97,10.97,3100800
2021-08-26,10.96,11.03,10.64,10.74,10.74,2684700
2021-08-27,10.84,11.39,10.83,11.06,11.06,4498400
2021-08-30,11.05,11.08,10.77,10.95,10.95,2343000
2021-08-31,10.9,11.52,10.9,11.36,11.36,3928500
2021-09-01,11.33,11.54,11.23,11.47,11.47,1879300
2021-09-02,11.63,12.04,11.63,11.95,11.95,2745900
2021-09-03,11.9,12.02,11.81,11.93,11.93,2202200
2021-09-07,11.83,12.03,11.64,11.67,11.67,1801600
2021-09-08,11.86,12.16,11.67,11.9,11.9,2679400
2021-09-09,11.78,12.12,11.65,11.9,11.9,2675700
2021-09-10,12.06,12.06,11.76,11.78,11.78,2472800
2021-09-13,12.03,12.53,11.99,12.45,12.45,2954900
2021-09-14,12.55,12.6,11.97,12.11,12.11,2605300
2021-09-15,12.47,12.77,12.39,12.48,12.48,2930000
2021-09-16,12.38,12.44,11.99,12.01,12.01,2787800
2021-09-17,11.97,12.05,11.75,11.76,11.76,5148100
2021-09-20,11.54,11.95,11.47,11.8,11.8,2767500
2021-09-21,11.9,11.97,11.42,11.68,11.68,2486100
2021-09-22,11.88,11.95,11.65,11.67,11.67,4083600
2021-09-23,11.77,12.11,11.55,11.95,11.95,3957200
2021-09-24,11.91,12.15,11.63,11.64,11.64,4719100
2021-09-27,12.01,12.95,11.96,12.93,12.93,5900800
2021-09-28,13.04,13.15,12.53,12.56,12.56,5857100
2021-09-29,12.28,12.76,12.22,12.56,12.56,5500200
2021-09-30,12.44,12.91,12.44,12.62,12.62,3672000
2021-10-01,12.7,12.91,12.59,12.62,12.62,4439500
2021-10-04,13.0,13.1,12.73,12.86,12.86,4850100
2021-10-05,13.12,13.17,12.79,12.92,12.92,3199200
2021-10-06,12.6,12.83,12.35,12.74,12.74,2706200
2021-10-07,12.83,13.31,12.71,13.21,13.21,2882100
2021-10-08,13.46,13.68,13.36,13.54,13.54,3406700
2021-10-11,13.75,13.8,13.25,13.3,13.3,2579900
2021-10-12,13.13,13.37,13.01,13.36,13.36,2438700
2021-10-13,13.1,13.33,12.97,13.21,13.21,1503900
2021-10-14,13.5,13.7,13.17,13.28,13.28,2230900
2021-10-15,13.48,13.48,13.23,13.25,13.25,2959700
2021-10-18,13.4,13.73,13.26,13.42,13.42,3104900
2021-10-19,13.43,13.85,13.28,13.82,13.82,3338300
2021-10-20,13.67,14.39,13.63,14.35,14.35,3409500
2021-10-21,14.17,14.44,14.0,14.37,14.37,5338100
2021-10-22,14.58,14.69,14.24,14.66,14.66,2508900
2021-10-25,14.98,15.63,14.91,15.62,15.62,5427300
2021-10-26,15.07,15.3,14.89,14.92,14.92,3943100
2021-10-27,14.78,15.19,14.63,14.81,14.81,3607600
2021-10-28,15.0,16.08,15.0,15.29,15.29,5025100
2021-10-29,15.34,15.44,14.55,14.61,14.61,3558900
2021-11-01,14.83,15.14,14.75,14.97,14.97,3178400
2021-11-02,14.88,14.99,14.6,14.83,14.83,2355700
2021-11-03,14.56,14.92,14.4,14.48,14.48,2557000
2021-11-04,14.82,14.99,14.4,14.43,14.43,2842500
2021-11-05,14.52,14.99,14.36,14.92,14.92,2020500
2021-11-08,15.1,15.16,14.48,14.51,14.51,3013400
2021-11-09,14.39,14.58,14.19,14.53,14.53,3114100
2021-11-10,14.4,14.5,13.85,14.02,14.02,2838100
2021-11-11,14.06,14.69,14.02,14.51,14.51,2119400
2021-11-12,14.34,14.82,14.27,14.67,14.67,1798600
2021-11-15,14.73,15.24,14.52,15.0,15.0,2467500
2021-11-16,15.15,15.32,14.68,14.85,14.85,2936300
2021-11-17,14.6,14.81,14.32,14.49,14.49,2573600
2021-11-18,14.61,14.75,14.05,14.21,14.21,2864900
2021-11-19,13.89,14.24,13.84,13.94,13.94,3177200
2021-11-22,13.96,14.29,13.9,14.02,14.02,3124000
2021-11-23,14.44,14.66,14.28,14.59,14.59,2938800
2021-11-24,14.43,14.63,14.41,14.56,14.56,1911900
2021-11-26,13.99,14.29,13.87,14.2,14.2,1925300
2021-11-29,14.11,14.45,13.99,14.19,14.19,2164900
2021-11-30,13.9,14.25,13.55,13.64,13.64,4292600
2021-12-01,14.09,14.38,13.16,13.18,13.18,3453900
2021-12-02,13.15,13.71,13.0,13.39,13.39,3043300
2021-12-03,13.68,13.78,13.19,13.44,13.44,2838000
2021-12-06,13.54,13.94,13.17,13.77,13.77,3063600
2021-12-07,13.01,14.2,13.0,13.91,13.91,4408100
2021-12-08,14.06,14.42,14.04,14.27,14.27,2644000
2021-12-09,14.17,14.36,14.07,14.25,14.25,1984400
2021-12-10,14.5,14.59,14.16,14.57,14.57,2283500
2021-12-13,14.56,14.7,13.92,13.93,13.93,2761700
2021-12-14,13.78,14.09,13.57,13.89,13.89,2563500
2021-12-15,13.95,14.01,13.55,13.88,13.88,3695400
2021-12-16,14.06,14.44,13.8,13.81,13.81,3783900
2021-12-17,13.7,14.01,13.47,13.92,13.92,7448400
2021-12-20,13.69,13.79,13.32,13.65,13.65,3087500
2021-12-21,13.75,13.86,13.57,13.85,13.85,2374600
2021-12-22,14.01,14.04,13.59,13.85,13.85,1947900
2021-12-23,13.64,14.09,13.64,14.02,14.02,1922500
2021-12-27,14.14,14.46,13.93,14.45,14.45,1474700
2021-12-28,14.45,14.65,14.23,14.4,14.4,1220200
2021-12-29,14.45,14.64,14.3,14.54,14.54,1224600
2021-12-30,14.57,14.69,14.04,14.04,14.04,1356800
2021-12-31,14.04,14.09,13.74,13.75,13.75,1785500
2022-01-03,13.78,14.07,13.68,13.88,13.88,1948600
2022-01-04,13.95,14.68,13.89,14.65,14.65,3211700
2022-01-05,14.84,15.05,14.11,14.14,14.14,2778300
2022-01-06,14.53,14.83,14.24,14.63,14.63,2699000
2022-01-07,14.64,14.92,14.51,14.65,14.65,2741400
2022-01-10,14.84,15.14,14.64,15.1,15.1,2232400
2022-01-11,15.15,15.56,14.73,15.2,15.2,3210200
2022-01-12,15.5,16.0,15.3,15.88,15.88,3858000
2022-01-13,15.68,15.84,15.13,15.21,15.21,2483000
2022-01-14,15.04,15.8,15.01,15.79,15.79,3219500
2022-01-18,15.97,16.200001,15.76,15.99,15.99,3386500
2022-01-19,16.030001,16.219999,15.56,15.56,15.56,2815200
2022-01-20,15.3,16.09,15.21,15.26,15.26,3498600
2022-01-21,15.13,15.36,14.6,14.62,14.62,3560900
2022-01-24,14.32,15.04,14.11,14.98,14.98,3264400
2022-01-25,14.98,15.07,14.21,14.98,14.98,3652600
2022-01-26,15.2,15.24,14.36,14.5,14.5,4649000
2022-01-27,15.3,15.61,14.13,14.64,14.64,5539000
2022-01-28,14.8,15.54,14.66,15.0,15.0,5914300
2022-01-31,15.05,15.05,14.51,14.83,14.83,5358600
2022-02-01,14.72,15.4,14.46,15.35,15.35,6385800
2022-02-02,15.5,15.96,15.27,15.385,15.385,1694613
